0.0100020800000000	-2.24096323023210e-24	9.66025069528971e-23
0.0105023900000000	4.37845485930373e-25	1.31387139233071e-22
0.0110033800000000	3.32769699021521e-25	2.39156396143592e-22
0.0115049200000000	1.49581408893840e-25	3.06471585280701e-23
0.0120059300000000	-1.70153875824642e-25	-1.39835128147449e-22
0.0125070700000000	7.88825123780529e-25	3.49140456713919e-22
0.0130082800000000	1.00036375113421e-24	-1.43158936202517e-22
0.0135095000000000	4.20601299330058e-25	-2.27149548693045e-22
0.0140106900000000	-5.28652121626824e-25	-1.55818988645130e-22
0.0145119300000000	-4.00404762796858e-25	-2.56992955067927e-22
0.0150004800000000	1.48079631771009e-24	-2.84524946911598e-22
0.0155014600000000	-3.79300808062550e-25	-7.06289961472886e-23
0.0160028100000000	-1.25996313535364e-24	2.32121072643917e-22
0.0165044200000000	1.58020398164132e-26	-7.70943054592630e-23
0.0170053600000000	-1.22277519300472e-24	2.13237155427968e-22
0.0175062900000000	6.39950204771836e-25	-2.06303666935912e-23
0.0180078500000000	7.54391843827824e-25	5.23429152092427e-23
0.0185095400000000	-1.14444555757349e-24	2.79740364073272e-22
0.0190103700000000	-7.94878899493626e-25	-9.32030072567401e-23
0.0195110700000000	-2.64778149524321e-25	3.78012663110494e-23
0.0200033600000000	-2.33022077342809e-24	3.71119256576692e-22
0.0205073300000000	7.24638249169397e-27	-3.92620151680736e-23
0.0210103300000000	1.61379141819942e-24	-2.69975555791682e-22
0.0215105700000000	6.84744256113605e-25	1.45046861900050e-22
0.0220128000000000	1.49905810900736e-24	-1.56411088743690e-22
0.0225133600000000	6.19961078113174e-25	-3.96806710275961e-22
0.0230165400000000	1.59084346004929e-24	5.47406712304440e-22
0.0235170300000000	5.57916358612512e-25	2.24912999404206e-24
0.0240174000000000	-9.25893883836968e-25	-3.79982907842764e-22
0.0245176500000000	8.58903735140275e-25	-1.41553146268384e-22
0.0250040100000000	-2.72106523732043e-24	3.27049438386682e-22
0.0255048500000000	4.30051411738726e-26	4.86707460659909e-23
0.0260056000000000	-2.23427102099894e-24	-8.69526037418014e-23
0.0265056100000000	-1.74931432653469e-24	7.06685822663119e-22
0.0270070700000000	4.70538467404527e-25	-9.38110390262880e-23
0.0275077000000000	-1.38123633715225e-24	-2.40293387908799e-22
0.0280078300000000	2.36663741030607e-24	7.89594517191689e-23
0.0285096000000000	6.85995196919416e-25	2.19584247593014e-22
0.0290109300000000	1.38044558700557e-24	-1.77033645159193e-22
0.0295125500000000	1.90944771279568e-24	-2.98923800592730e-22
0.0300046600000000	6.36164974561506e-25	7.78583613069326e-23
0.0305048100000000	-6.37065911204033e-25	2.34816684800696e-22
0.0310056300000000	1.34809936891541e-25	-5.84045887014683e-23
0.0315079700000000	1.33046952957963e-25	-2.33549721582077e-22
0.0320081100000000	-7.08382500252431e-25	-2.80369519242230e-22
0.0325099200000000	4.75013983603557e-25	2.44840408662076e-22
0.0330113800000000	1.77164977739907e-24	-1.15596711128852e-22
0.0335123900000000	1.99175378441534e-24	-1.57752061638947e-24
0.0340133200000000	-3.38194763552422e-25	-6.12496267097357e-23
0.0345153100000000	2.87209203377746e-24	1.01688534117631e-22
0.0350061400000000	2.17318557216802e-24	5.56509439099489e-23
0.0355076500000000	-1.39008690539233e-24	1.76335228055256e-22
0.0360088400000000	-1.21628067130823e-24	5.49670617011263e-23
0.0365091600000000	-6.40300208935120e-25	-1.44280077316218e-23
0.0370094600000000	1.73407942309396e-24	8.47420681883200e-23
0.0375118600000000	-2.31110665717764e-24	-1.00457520863672e-22
0.0380127100000000	-1.76731037393020e-24	6.98699602667387e-23
0.0385148100000000	-1.57576411401447e-25	4.84128902210294e-23
0.0390154200000000	-2.55397713870381e-24	-1.26186239405635e-22
0.0395167100000000	1.13306394070818e-24	2.22589879178201e-23
0.0400066300000000	1.81390629855703e-24	-5.90926288301195e-23
0.0405084000000000	-2.20235258577501e-24	2.12217638671232e-22
0.0410098000000000	1.34682574265457e-24	-9.82208257397642e-23
0.0415099000000000	-1.02611822414919e-24	-2.91738386881812e-22
0.0420102000000000	2.90240952403229e-24	-1.14286091372422e-22
0.0425122000000000	3.17285903731353e-24	-4.17014242773291e-23
0.0430133000000000	4.35217213926454e-25	2.03087452753261e-23
0.0435137600000000	4.20992461390321e-24	-1.18119923549759e-23
0.0440159000000000	-3.30557219000466e-24	-4.51981505929555e-23
0.0445163800000000	1.58397624873449e-24	9.70599785982057e-24
0.0450068400000000	4.12808197372198e-24	-6.06963284616109e-23
0.0455084000000000	-2.31135619718294e-24	-1.19146780671587e-22
0.0460097800000000	2.43661555750784e-24	8.91324847639819e-23
0.0465098500000000	-5.23167102679064e-24	-6.01544247934687e-23
0.0470111000000000	2.35458819290709e-25	-3.80134984651711e-23
0.0475117500000000	9.91626610169270e-25	4.57276355948597e-23
0.0480136300000000	4.68154874236978e-24	-3.53529515403058e-23
0.0485165700000000	7.70714028720229e-24	4.68103021768343e-23
0.0490175200000000	1.13792154478546e-23	8.50687938339663e-23
0.0495194200000000	2.49590885539157e-24	4.00234070951671e-23
0.0500087500000000	8.50788823798950e-25	9.65721052023808e-23
0.0505107700000000	-6.10465594794452e-24	5.27856121417697e-23
0.0510129400000000	-8.25102407149054e-24	1.35194520169846e-23
0.0515146300000000	-5.93134555309174e-24	1.33731065262115e-22
0.0520151900000000	1.11771787853782e-23	1.39224597737069e-22
0.0525169300000000	8.52159025282621e-24	5.96591267722911e-23
0.0530184500000000	1.21233178174377e-23	5.26958360738873e-23
0.0535197700000000	1.31346516064675e-23	4.04453468363438e-23
0.0540211000000000	2.00233006762716e-23	8.11656802769744e-23
0.0545230200000000	9.53945421212462e-24	7.39776156085979e-23
0.0550089500000000	7.38736935391162e-24	9.63693296422263e-23
0.0555100200000000	1.74330008832892e-23	6.34976451164814e-23
0.0560121000000000	7.62948149308401e-24	2.27194767286474e-23
0.0565159000000000	7.09852841816153e-24	4.49210477597925e-23
0.0570194000000000	-1.13599036440675e-24	6.90747670116540e-23
0.0575198200000000	2.16964340040441e-24	4.90965909462117e-23
0.0580205400000000	1.18006949983722e-23	8.08460065670624e-23
0.0585213300000000	1.85239184893353e-23	1.22196182221860e-22
0.0590225300000000	1.00679345724491e-24	2.67912284489902e-22
0.0595227000000000	-2.62369602356241e-24	1.54345043334838e-22
0.0600093400000000	2.68173838064033e-24	1.40194106028586e-22
0.0605095100000000	-9.47693309806837e-24	1.87464822478324e-22
0.0610096800000000	9.60145356071522e-24	1.39339075024697e-22
0.0615098400000000	-3.68041692654392e-24	1.92904875613440e-22
0.0620100100000000	1.26011285935683e-23	1.36437206710806e-22
0.0625101700000000	9.39635112103082e-24	8.82472529378924e-23
0.0630103400000000	1.44222196998105e-23	7.97680229111614e-23
0.0635126100000000	8.92732285677528e-24	6.56597925943888e-23
0.0640128700000000	1.51593868017137e-23	1.09205930018202e-22
0.0645147900000000	2.23257998236559e-23	8.63391663523983e-23
0.0650096600000000	1.46476288625239e-23	7.41604506537830e-23
0.0655109200000000	-6.42073887440354e-24	1.18089489391450e-22
0.0660116400000000	1.21176594167980e-23	8.29276498466352e-23
0.0665133900000000	7.57182154796227e-25	7.88871791002300e-24
0.0670138400000000	4.46273456551079e-24	4.70686668241444e-23
0.0675161000000000	-7.66516895462182e-24	5.12164397728304e-23
0.0680162600000000	-1.36180527268727e-23	5.10008566529232e-24
0.0685180400000000	-6.38721949421053e-24	8.32174273676000e-23
0.0690204400000000	5.93183491076448e-24	1.88920765259662e-22
0.0695229300000000	-4.24996120124775e-24	1.01023078979849e-22
0.0699942700000000	-2.79581834872759e-23	4.65705331210883e-23
0.0700003200000000	-2.77196232422050e-23	4.70827156023651e-23
0.0705005400000000	-1.68102981058970e-23	9.73031018605165e-23
0.0710024200000000	4.35889999706988e-24	9.87430157474874e-23
0.0715039600000000	-1.51441940284038e-24	8.22228095181463e-23
0.0720040700000000	-1.03334516196515e-23	1.40730934636361e-22
0.0725072400000000	-9.41274946423653e-24	1.16619928855537e-22
0.0730134800000000	-1.58566080580926e-23	1.15726750638630e-22
0.0735139400000000	-3.43612698368887e-24	1.03353782629392e-22
0.0740149500000000	1.58646030606002e-23	8.57589113021421e-23
0.0745157100000000	1.09068102915792e-24	1.47427295307792e-23
0.0749983400000000	1.05717072314691e-23	8.20685970356476e-23
0.0755008400000000	2.22494049334606e-23	1.25202095754846e-22
0.0760011100000000	1.50355728289520e-23	6.29144117900580e-23
0.0765037900000000	1.98784994168300e-23	7.02407378252694e-23
0.0770040600000000	-9.78698169349004e-24	9.38398203871595e-23
0.0775044000000000	6.43661869292291e-24	5.06792190307617e-23
0.0780064100000000	7.61021830098624e-24	6.01680976412918e-23
0.0785067500000000	-1.11321870464998e-23	7.08505001709580e-23
0.0790078500000000	-4.89998374805187e-24	8.61631499068387e-23
0.0795088400000000	2.86821606174702e-24	1.09524466214584e-22
0.0800017500000000	-2.20728732039939e-23	6.27944122145202e-23
0.0805022900000000	-2.87641199257059e-24	4.40694649450676e-23
0.0810043500000000	-2.18149784696808e-23	4.70347261426437e-23
0.0815046900000000	-3.27258494577100e-23	7.42121216387775e-23
0.0820067600000000	-2.37518172490328e-23	8.00840118550210e-23
0.0825075900000000	-1.80466651272426e-23	8.96977188022304e-23
0.0830085800000000	-1.09549261416929e-23	6.04734082173919e-23
0.0835088200000000	5.03837474605849e-24	6.55700327304029e-23
0.0840093600000000	-1.01392706061732e-23	7.57543696133782e-23
0.0845120700000000	-5.86765127693264e-24	3.02407453604702e-23
0.0850032200000000	-2.25446172412942e-23	6.99266155702807e-23
0.0855034400000000	-5.26640245843800e-24	8.31047778794912e-23
0.0860062700000000	-5.81675159740914e-24	8.30270931591386e-23
0.0865067500000000	1.56021777168401e-23	9.62556722717585e-23
0.0870073600000000	1.00991367954500e-23	6.46772336846720e-23
0.0875077200000000	-1.33858120014166e-24	1.42934927056457e-23
0.0880080600000000	7.13839972576229e-24	2.73255704068159e-23
0.0885099500000000	1.11333407639269e-24	3.56283108342109e-23
0.0890099700000000	1.19185815858131e-23	4.95327577084700e-23
0.0895115200000000	1.22119790572444e-23	3.21350359485281e-23
0.0900071200000000	-3.13232985151696e-24	2.89338233332093e-23
0.0905073500000000	-1.77343123377460e-23	4.14305016102716e-23
0.0910089900000000	-1.37474246361162e-23	2.91948032894061e-23
0.0915105300000000	-4.82744862599056e-24	7.18195904019470e-24
0.0920123500000000	4.37787475981088e-24	3.25543214914665e-23
0.0925158700000000	-7.77326514782864e-24	1.28809504405552e-23
0.0930177000000000	-6.02990413284907e-24	8.30593907655394e-24
0.0935192000000000	-1.11569628041693e-23	-1.86229502228689e-23
0.0940222100000000	-1.52628584028742e-23	-3.18770472316156e-23
0.0945225300000000	-5.86368456308208e-24	-3.30743823071965e-23
0.0950081500000000	1.40918384551255e-23	-3.04960150635586e-23
0.0955128100000000	3.89918897327213e-24	-5.89608166140709e-23
0.0960151600000000	4.97158228489847e-25	-3.99339097343037e-23
0.0965171300000000	-3.30607775157384e-24	-2.77853624500959e-23
0.0970192300000000	-2.20014885585804e-24	-5.61340566009973e-23
0.0975199600000000	8.32268094236436e-24	-6.32821559791736e-23
0.0980226700000000	5.33977046077675e-24	-6.21620519148448e-23
0.0985249300000000	8.01370180410828e-25	-9.85320604604059e-23
0.0990272800000000	-1.70054221861485e-23	-2.72084259578323e-23
0.0995279500000000	-8.90825411143488e-25	7.00037817659469e-24
0.100008160000000	-4.74132815714696e-24	-1.66722149819229e-23
0.100510560000000	-1.02462908606559e-23	1.11115692086589e-23
0.101011030000000	-1.44445389467784e-23	3.45110456925399e-23
0.101516930000000	-1.32967327010816e-23	3.01752394886882e-23
0.102017360000000	-2.45892022096897e-23	5.29187790035613e-23
0.102518770000000	-1.68913111065801e-23	6.23331261719877e-23
0.103019140000000	-3.53197789234968e-23	6.62640002443749e-23
0.103520660000000	-2.41567720659523e-23	8.78675405508600e-23
0.104020980000000	-3.95582807291763e-23	8.74476295375186e-23
0.104522260000000	-5.87681360814038e-23	6.48828027965741e-23
0.105010140000000	-4.60654997989246e-23	4.97592428099076e-23
0.105511100000000	-3.17988666720317e-23	3.06914956295320e-23
0.106012950000000	-2.83893400047524e-23	-6.84098692879103e-24
0.106515040000000	-7.48095333745931e-24	1.37248914977151e-23
0.107016270000000	8.66200025633029e-24	4.43582864361420e-23
0.107517720000000	2.36040409542033e-23	2.36911887500817e-23
0.108018200000000	4.43658731004591e-23	-6.04921917741548e-23
0.108519640000000	6.67417105563474e-24	-9.86282208634889e-23
0.109021850000000	-1.56799693829093e-23	-1.09751314283302e-22
0.109524000000000	2.63344947291259e-23	-1.18953497353972e-22
0.110012930000000	9.31419995866121e-23	-1.04665974163778e-22
0.110513860000000	9.55468717109777e-23	-8.87224937760462e-23
0.111014330000000	7.38844010738893e-23	-1.24235915743659e-22
0.111517120000000	6.13815264268251e-24	-1.60541857323443e-22
0.112019590000000	-8.94208719906314e-23	-2.33133278202575e-22
0.112522240000000	-1.41712450015146e-22	-2.01082311309601e-22
0.113024880000000	-1.29308114503164e-22	-1.37959974361097e-22
0.113525250000000	-8.84632379144314e-23	-8.90185843350672e-23
0.114025990000000	-7.29974386716590e-23	-8.19118956346544e-23
0.114529660000000	-1.55689953776932e-24	-1.96484202911602e-23
0.115013730000000	8.42554003623908e-24	1.50926948047117e-23
0.115515420000000	-2.22312176800870e-23	-1.52607454147773e-23
0.116016190000000	-8.32920787185375e-24	-5.34027602234594e-24
0.116517420000000	2.54749104303348e-23	7.74834387916903e-23
0.117019950000000	-2.22316811115254e-23	1.22712386510236e-22
0.117522170000000	-2.56143384777141e-23	9.86653893611621e-23
0.118024140000000	3.27783306375269e-23	3.43565318175672e-23
0.118526080000000	-1.08758122376736e-23	2.03998792297309e-23
0.119027760000000	-1.18677969539543e-22	5.91776247485496e-23
0.119529440000000	-9.10373046439519e-23	8.36489079630055e-23
0.120014900000000	-7.17069247099417e-23	5.17430307588290e-23
0.120517180000000	1.74041806330662e-23	1.13007950706033e-23
0.121019010000000	-1.55122201653176e-23	2.54546393558779e-23
0.121522010000000	-1.07591529333497e-22	7.16877879082362e-23
0.122022400000000	-7.67111578461836e-23	1.13835224435306e-23
0.122522700000000	5.16521431036503e-23	-1.19628136860260e-22
0.123024330000000	1.21641503401758e-22	-7.64777471994039e-23
0.123525580000000	-2.47470508465514e-23	-6.96614744534759e-23
0.124028060000000	-1.78501326043118e-22	-1.92406602556875e-22
0.124529510000000	-1.48569038055438e-22	-2.06792327841104e-22
0.125017120000000	-6.74415600847302e-23	-1.41894740609411e-22
0.125517130000000	3.73559086987256e-23	-1.84715202734683e-22
0.126017900000000	1.06513040116026e-23	-1.95948936359445e-22
0.126520410000000	-1.55480148966499e-22	-1.84832172181584e-22
0.127021160000000	-1.31790878757757e-22	-2.45927722521552e-22
0.127522310000000	3.29147220747118e-23	-2.01319332184509e-22
0.128023650000000	1.20870415063030e-22	-1.03626584948437e-22
0.128525850000000	1.66874628484808e-23	-5.01846696296000e-23
0.129026160000000	-1.17766561939131e-22	-1.12159696171638e-22
0.129528290000000	-4.17704139868475e-23	-1.26954576322747e-22
0.130018310000000	1.24769947558907e-22	4.60028620168139e-24
0.130521760000000	-2.05364391874388e-23	1.40589348229975e-23
0.131022460000000	-1.61584578059893e-22	-7.30243338989840e-23
0.131524990000000	-9.25676816440146e-23	-2.38971435147193e-23
0.132028570000000	8.12037043403800e-23	3.11876751426764e-23
0.132530800000000	6.35526184555720e-23	-1.71143415372949e-23
0.133031380000000	-2.41296272986221e-23	-1.65744179852986e-22
0.133531590000000	-3.61382150476470e-23	-1.69198584831869e-22
0.134034820000000	2.86925343519764e-23	-1.52104776872153e-23
0.134535320000000	1.80460331752811e-22	1.48616333988391e-22
0.135019620000000	1.37357011170358e-22	-6.06817676402625e-23
0.135520790000000	4.09707095669916e-24	-2.34782847824133e-22
0.136022420000000	-1.59989048432991e-22	-9.96289961935929e-23
0.136522810000000	-1.34283686187368e-22	1.19595288321380e-23
0.137024850000000	-3.83032144113294e-23	-8.46362081328230e-23
0.137524950000000	-9.31831769282666e-23	-2.03334695046049e-22
0.138024990000000	-1.21705512033508e-22	-5.43907636423828e-23
0.138526830000000	5.27032704215778e-24	-2.33721599552483e-23
0.139029240000000	4.78994567989468e-23	-1.66104094319338e-22
0.139529940000000	1.26662585349527e-23	-2.86551821021175e-22
0.140020800000000	-6.62030509082741e-23	-1.94665023865140e-22
0.140521780000000	-1.12593759668137e-22	-8.58248676422454e-23
0.141023130000000	-1.05175978841372e-22	-1.86677964507573e-22
0.141524530000000	-5.52228790959147e-25	-9.22781698669515e-23
0.142027350000000	9.69731289540219e-23	-1.52239748848009e-22
0.142529940000000	-7.78978275171221e-23	-2.76552127538229e-23
0.143031040000000	-1.11528016435614e-22	7.30948986272372e-23
0.143532030000000	-5.52930063189638e-23	-2.77405586764162e-23
0.144034390000000	-8.86263981885490e-23	1.91431536328876e-23
0.144535000000000	5.01021788335608e-23	4.32514566037836e-23
0.145021040000000	2.01007653477104e-22	1.88815417247293e-23
0.145521790000000	1.18010096780412e-22	-7.75643448466569e-23
0.146023120000000	-5.67122699603010e-23	-5.57552095020353e-23
0.146523370000000	-2.20121831302363e-23	4.51768003389951e-23
0.147025740000000	-3.71650073538885e-23	-1.64580843792933e-22
0.147527580000000	-1.30077248651980e-22	-2.88890130779711e-22
0.148030060000000	-1.43968505554531e-22	-1.33070882872238e-22
0.148531420000000	-1.06137132403880e-22	-8.53129249786361e-23
0.149031570000000	-2.05111092565108e-22	-1.61988022673664e-22
0.149533460000000	-5.85026611643322e-23	-3.09060225794687e-22
0.150023650000000	1.49601112831922e-23	-2.70606632742758e-22
0.150524820000000	3.13750634827635e-23	-1.32685589863268e-22
0.151026790000000	1.09265174704397e-23	4.41376639044394e-23
0.151528020000000	1.66723297055097e-22	-1.73225774864745e-22
0.152029560000000	1.76196143530482e-22	-1.90523641733214e-22
0.152532330000000	1.09023662109393e-22	2.00396714728534e-22
0.153032630000000	-1.46662017686330e-23	2.70019160477024e-22
0.153139240000000	-4.76302225778992e-23	2.17362784131768e-22
0.153143020000000	-4.87935197486007e-23	2.15332251182372e-22
0.153645790000000	-2.92795205008173e-23	-7.22722073598796e-23
0.154147350000000	2.26478218022412e-22	-1.54439385660740e-22
0.154648240000000	3.19309284280856e-23	1.40336366517065e-22
0.155149990000000	-2.17827327157486e-22	2.02682919237650e-22
0.155650990000000	4.10763589718347e-24	-8.47596396936285e-23
0.156152040000000	1.72182862922317e-23	-2.24978657592614e-23
0.156652300000000	-6.07646764968300e-23	1.05592140273075e-23
0.157154790000000	-1.68323574423659e-22	-1.30968171286503e-22
0.157656690000000	-1.30885353171755e-22	-1.80936006855390e-22
0.158139580000000	8.56307708890287e-23	-7.32863703492293e-23
0.158640250000000	-7.09514536866104e-23	-2.08539026858752e-23
0.159141290000000	-1.53510727392169e-22	-1.22023153774806e-22
0.159643340000000	-1.99928503140659e-23	-2.19077347581979e-22
0.160144190000000	-1.18226029904482e-22	-3.42550869997744e-22
0.160646900000000	1.64083996679255e-22	-3.48087757618036e-22
0.161147630000000	5.52706125340722e-23	5.03109498354011e-23
0.161647950000000	-1.48091214316190e-22	3.63265108059352e-23
0.162148170000000	1.87784573966939e-22	-4.85494261969706e-22
0.162650640000000	1.81913523112532e-22	-2.42134711200147e-22
0.163140920000000	-1.08308496658087e-22	2.02939844978955e-22
0.163643120000000	-9.43044055430089e-23	1.38007574927303e-22
0.164144040000000	4.45537799652325e-24	-1.05556653739853e-23
0.164645820000000	-1.15487308901592e-23	5.98362223973542e-23
0.165148260000000	4.54961337670817e-23	1.69668718201862e-22
0.165650460000000	-1.06121447032118e-22	5.26263764513719e-23
0.166151010000000	-1.22199743838300e-22	-4.29761167545543e-23
0.166652370000000	1.16480481363482e-22	-3.19572014257869e-23
0.167154490000000	9.62724465453618e-23	3.22165869185733e-25
0.167655260000000	-9.06866004723414e-23	-5.44835795612389e-23
0.168142200000000	-1.57505039719151e-22	-2.34033521318335e-22
0.168644390000000	4.05170231518933e-23	-1.73769282718636e-22
0.169145260000000	2.32694421593507e-22	-2.34040343158739e-22
0.169645850000000	-1.19081310448377e-22	-2.72863793387880e-22
0.170146200000000	-3.35439858097759e-22	-3.15065321762074e-23
0.170646920000000	2.86359665494753e-23	-7.75029806908070e-23
0.171149590000000	5.04807634294004e-23	-3.28565899480475e-22
0.171651090000000	-1.95117358875275e-22	-7.64968353894201e-23
0.172151590000000	-2.34220083259703e-22	3.61542990352617e-23
0.172651750000000	-9.56299847366404e-24	-6.78389444412291e-23
0.173142610000000	1.36420293083693e-22	-9.53416493624595e-23
0.173642930000000	-1.02579576660987e-23	-5.72613616769078e-23
0.174144990000000	-9.03246507965957e-23	9.97803016970688e-23
0.174645300000000	-1.53192155547215e-23	-1.23123265471697e-22
0.175145300000000	1.62742852022696e-22	-1.02369467217300e-22
0.175648610000000	6.18465620509958e-23	2.53260206037413e-22
0.176149280000000	1.10677149833112e-24	1.03216626368294e-22
0.176650220000000	6.41223539362539e-23	-2.08914513269591e-22
0.177150990000000	1.90479366206558e-22	-3.12005896481457e-23
0.177651050000000	-2.29164091637426e-23	6.74245330303423e-23
0.178144010000000	-1.14951643733582e-22	-7.69961195691239e-23
0.178645100000000	7.53835337208203e-23	-1.30343206445166e-22
0.179145770000000	8.41000276809063e-23	-1.40246700635678e-22
0.179646630000000	-3.78953396522698e-23	-1.55881535685420e-22
0.180148800000000	-1.08444761704880e-22	-1.63645454425778e-22
0.180650630000000	-9.96052380406203e-23	-2.05289870154622e-22
0.181153970000000	1.75172092923519e-23	-3.09585270928964e-22
0.181656110000000	-7.39348567666501e-23	-9.59074505370838e-23
0.182159490000000	-1.85394862208091e-22	-5.15864881560209e-23
0.182660170000000	-5.91743969323771e-23	-1.35946954582983e-22
0.183147120000000	1.55668230833354e-22	4.35750711013119e-23
0.183647500000000	-1.39163927107987e-22	1.46860223747686e-23
0.184147700000000	-9.47343694537068e-23	-3.13391037957653e-23
0.184649850000000	3.10536627615680e-22	2.26272020199327e-23
0.185153310000000	1.13122171972097e-22	5.73377209185309e-23
0.185653890000000	-1.46579141237556e-22	2.57210929882950e-23
0.186154430000000	7.94788676198202e-23	-7.71252127713485e-23
0.186656300000000	1.43399129800350e-22	-3.92401820379991e-23
0.187156560000000	-2.46037176601281e-23	-3.34501182580404e-23
0.187660000000000	-2.96368553068545e-23	-6.09492097103629e-23
0.188147680000000	1.04848024940375e-23	-1.38487706101405e-22
0.188648320000000	-8.64478588489944e-23	-1.70877574247818e-22
0.189151190000000	-1.09051549015181e-22	-4.43764607263984e-23
0.189654850000000	-3.74135848477438e-23	-9.75683952939479e-23
0.190155560000000	-3.04938696676689e-23	-2.16547254986640e-22
0.190656300000000	-7.51446429162618e-23	-1.28657683618169e-22
0.191158390000000	-4.70989292211513e-23	-6.16488485880918e-23
0.191658580000000	-4.18898399444510e-23	-1.11906338528331e-22
0.192161050000000	-1.54590033286020e-24	-1.02019553795836e-22
0.192661250000000	-7.20556422838477e-23	2.20983003583006e-23
0.193148050000000	-2.85559711534892e-23	1.84532792231584e-23
0.193648650000000	4.40078415268746e-23	-8.78522408318335e-23
0.194149390000000	3.14933065559262e-23	2.95667831770533e-23
0.194650320000000	-3.19077212075923e-23	7.16295932345317e-23
0.195151580000000	6.13505121690230e-24	4.75194268155441e-23
0.195651600000000	5.83425893528777e-23	-1.81244243855188e-23
0.196154070000000	8.88545879398930e-23	-9.96987896163751e-23
0.196654260000000	4.94518062825934e-23	-8.68049538373642e-24
0.197155160000000	1.92982573296910e-23	6.95840684401422e-24
0.197655750000000	2.86371526746953e-23	-1.57636495449478e-22
0.198148650000000	1.49402939178358e-23	-1.35960977434969e-22
0.198648730000000	-1.09463769659268e-23	-9.01396541516244e-23
0.199150530000000	-5.29397922164755e-23	-1.76656104094285e-22
0.199650640000000	-5.99257942961413e-23	-1.83384626259386e-22
0.200151990000000	-9.36124926831066e-23	-1.71552401719305e-22
0.200653830000000	-9.78911445034057e-23	-9.69940384619989e-23
0.201155160000000	-3.77695779711550e-23	-1.76261441992389e-22
0.201658590000000	-9.97271918060698e-23	-1.76431919946143e-22
0.202159890000000	-1.04506835696758e-22	-7.51624996101479e-23
0.202661090000000	2.43216434715348e-23	-3.59263393792472e-24
0.203153500000000	1.65705452540475e-23	-5.04992229082343e-23
0.203655020000000	-4.43508034767621e-23	-6.67773429246373e-23
0.204155900000000	4.13106835183740e-23	-7.27325503356389e-24
0.204656770000000	3.15949017458780e-23	-5.57128136273679e-23
0.205157860000000	3.26956227092753e-23	-9.61641721092940e-23
0.205658930000000	9.26972123514433e-23	-1.15782407782150e-22
0.206159770000000	3.27752843049946e-23	-9.40805616766924e-23
0.206660780000000	3.35934611668016e-23	-6.56864544856049e-23
0.207165910000000	4.65980862266091e-23	-1.47271446231752e-22
0.207667550000000	-2.42554829623363e-24	-1.66562943295845e-22
0.208151250000000	-1.34854432791188e-23	-1.56196017666910e-22
0.208652130000000	-2.59517781396920e-23	-1.99318844499908e-22
0.209154340000000	-4.40269361984493e-23	-2.13612726099068e-22
0.209656150000000	-4.94155840924728e-23	-1.63288090452727e-22
0.210156340000000	-5.87941854653341e-23	-1.79461640243790e-22
0.210657980000000	-2.81056843158658e-23	-1.42587878483885e-22
0.211159320000000	-4.42580394103747e-23	-5.71770106735563e-23
0.211661740000000	8.84081997597550e-24	-5.64391500448851e-23
0.212161740000000	-3.69338652526116e-23	-6.49751358393160e-23
0.212662920000000	2.66195990463550e-23	-3.10946291284908e-23
0.213151380000000	4.55748684999241e-23	-6.54413932372789e-23
0.213651780000000	3.95838602001097e-23	6.54640657291894e-25
0.214151820000000	5.55401416660352e-23	-1.54502175759477e-23
0.214652640000000	5.84860878190449e-23	-1.16623788623671e-22
0.215153400000000	3.05144583384961e-23	-7.92069143849485e-23
0.215654240000000	4.95579936567986e-23	-5.49477498973392e-23
0.216158470000000	2.52887179378056e-23	-1.34162150482447e-22
0.216659930000000	4.49119768185608e-23	-1.38936110046261e-22
0.217162620000000	3.50640133811771e-23	-1.33286987757610e-22
0.217662850000000	3.54490276831273e-23	-1.33596864591730e-22
0.218154210000000	2.38578231395978e-23	-1.86540234628541e-22
0.218655350000000	-1.17440915472988e-23	-1.29246157284704e-22
0.219156670000000	1.19297428296867e-23	-1.23122215459207e-22
0.219656970000000	-3.19795563213271e-24	-1.12632370312595e-22
0.220159020000000	-6.92787837902764e-23	-1.06465760386969e-22
0.220660400000000	-5.14675159075180e-23	-1.19267723313898e-22
0.221160610000000	-6.13666577314441e-23	-8.00250653205212e-23
0.221660790000000	-1.71129026312903e-23	-9.15811884282402e-23
0.222161410000000	-9.33930368319482e-24	-7.16190509795024e-23
0.222662540000000	-5.32494648814996e-23	-3.05785058595978e-23
0.223154690000000	3.39463852722256e-23	-8.16379266350645e-23
0.223654940000000	6.55603881712368e-23	-4.12249422207073e-23
0.224155320000000	-5.85467973374782e-23	-1.75522842466040e-23
0.224655630000000	-1.70855083239548e-23	-9.73396124799939e-23
0.225156620000000	6.72149485929003e-23	-6.78905441290791e-23
0.225657810000000	-6.12605837845140e-23	-5.19613555780152e-23
0.226159930000000	1.11337653060139e-23	-1.27585219009399e-22
0.226661970000000	6.20875885291061e-23	-1.57806821086605e-22
0.227163620000000	-3.74991284578738e-23	-8.27203566401510e-23
0.227665370000000	6.75912160315477e-23	-1.12922795989417e-22
0.228156070000000	5.02039101362428e-23	-2.02526250244449e-22
0.228656210000000	-2.82462758030101e-23	-1.20139405441777e-22
0.229158280000000	1.32054853194017e-23	-6.15747060395028e-23
0.229659320000000	2.77746873231157e-23	-1.05409946902189e-22
0.230159960000000	-6.98609541410927e-23	-1.01886422582616e-22
0.230660070000000	-2.73296894372931e-23	-6.93614333845007e-23
0.231160400000000	-8.77635439434546e-24	-6.30625640152851e-23
0.231660810000000	-7.13118413067385e-23	-8.64269590633554e-23
0.232161510000000	-3.42365516867051e-23	-9.94021221986405e-23
0.232661700000000	4.05164689786348e-23	-7.89557863977923e-23
0.233157050000000	-3.78653980924126e-23	-9.81277181507721e-23
0.233657770000000	-6.21638602696884e-23	-1.14774752277614e-22
0.234157880000000	2.71788473652555e-23	-6.38339180979150e-23
0.234658280000000	2.44281063119796e-23	-6.47217068988641e-23
0.235159330000000	-3.79740419773194e-23	-1.00580576494080e-22
0.235661020000000	-2.03326687080425e-23	-7.99140200181608e-23
0.236161410000000	-3.40849480315345e-23	-8.59803083800950e-23
0.236662400000000	-3.34737921507514e-23	-7.32762169877147e-23
0.237162550000000	-9.90038952395263e-24	-1.07914696603483e-22
0.237664150000000	-4.03467850158072e-23	-3.99713634205543e-23
0.238158330000000	-7.22706906751721e-23	-1.16610498187804e-22
0.238658760000000	7.41697192825515e-23	-1.20348319037906e-22
0.239158910000000	-4.92874274754630e-23	-8.06997469569404e-23
0.239659200000000	2.52984532387917e-23	-2.28637371020256e-22
0.240159820000000	5.32752355584110e-24	-4.79149866133029e-24
0.240660550000000	-2.61240838929650e-23	-1.02842245063194e-22
0.241161120000000	-1.41364607451649e-23	-1.63115920812184e-22
0.241661530000000	-1.76467043512084e-23	-2.79668525718758e-23
0.242161780000000	-4.34892714696179e-23	-5.92431176572145e-23
0.242662100000000	-1.82730724499772e-23	-2.55454968718092e-22
0.243158670000000	-6.53799610250640e-23	1.41436293489536e-23
0.243658840000000	-5.33689329692339e-23	-1.03790633196080e-22
0.244158980000000	-1.13219797207419e-22	-1.57507369839460e-22
0.244659080000000	-9.63249925407644e-23	-4.06362254957258e-23
0.245159810000000	-2.02749374657763e-23	-1.01001456500429e-22
0.245659920000000	-3.36018612667204e-23	-4.14078680077126e-23
0.246160220000000	-8.58509267485136e-23	-1.93941519888722e-22
0.246660390000000	2.69674318875149e-23	1.37194025898322e-22
0.247160810000000	-7.65999407825208e-23	-1.14451335467623e-22
0.247661100000000	7.98088470078733e-23	-1.12938753586640e-22
0.248159120000000	5.51231473540545e-23	2.06582882757172e-22
0.248659260000000	-2.20714048068977e-22	-3.38044585840139e-22
0.249159850000000	9.94103440556984e-23	-6.71315179708671e-23
0.249660020000000	9.30291362070702e-23	2.14865190071146e-23
0.250160030000000	-2.23160538280981e-22	-2.06924075241567e-22
0.250660490000000	1.90723092253817e-22	-4.73312671699860e-23
0.251161000000000	-1.49985336383725e-22	-1.62401001660104e-22
0.251537430000000	-9.62797188540878e-23	-3.41327819338500e-23
0.251537840000000	-9.61388583822624e-23	-3.44402508689571e-23
0.252038230000000	1.25732708547943e-22	-6.81584593529559e-23
0.252538450000000	-3.21414721361974e-23	-2.14022065690367e-22
0.253038730000000	-1.43539617582557e-22	-1.59477520589131e-22
0.253539090000000	1.25690377488861e-22	-2.20700990969219e-23
0.254039160000000	-2.47118157978025e-22	-1.76257416944511e-22
0.254539500000000	5.29890099315477e-24	-1.55625828477128e-22
0.255039580000000	-3.70619732579321e-24	7.23268793064963e-23
0.255539920000000	8.22620002620963e-23	-3.42697502297485e-24
0.256040190000000	-2.96535945800414e-22	-1.25664875796631e-22
0.256537710000000	3.98545819388512e-23	7.69311289812490e-23
0.257037800000000	9.26669758806707e-23	-1.29696612642851e-22
0.257538280000000	-2.03322895368656e-22	-3.48854269976407e-23
0.258039100000000	8.98011871626116e-23	-2.60642753111742e-23
0.258539390000000	7.25197931752723e-23	2.49886399239465e-22
0.259040000000000	-1.87763845942602e-22	-2.71647992351907e-22
0.259540490000000	3.01813678023249e-23	7.82512798695703e-23
0.260041170000000	1.03784339602700e-22	2.85784880879938e-24
0.260541170000000	-1.75612524551323e-22	-8.58246634731502e-23
0.261041280000000	1.20400323823167e-22	-4.59593351101744e-23
0.261539240000000	-1.46973563521784e-22	-9.77195193137836e-23
0.262039440000000	1.38400817567870e-22	-7.50320550029595e-23
0.262539690000000	-2.49874226872453e-23	-1.83667860646965e-23
0.263039870000000	-1.72657786164100e-22	-1.86864630153878e-22
0.263540000000000	2.75163865191577e-22	-2.06936753170148e-23
0.264040130000000	-3.62528375221874e-22	-1.39594506766750e-22
0.264540310000000	2.27180148131098e-22	-1.23392720065736e-22
0.265040390000000	2.64585744457893e-23	-8.15238285186132e-23
0.265541160000000	-1.86911702473060e-22	-1.83673470435916e-22
0.266041630000000	2.74840341435869e-22	-1.35905125844691e-22
0.266538870000000	-1.34160312960590e-22	-2.15316500995025e-23
0.267038970000000	3.39455232249345e-23	-2.77327367315227e-22
0.267539580000000	6.28184231482773e-24	7.86479609769633e-23
0.268039740000000	-2.84736002662838e-23	-1.78371011067101e-22
0.268540640000000	6.79495489976061e-23	-2.09904594028039e-23
0.269041230000000	-8.64878046945189e-23	-7.38901534571284e-23
0.269541590000000	-1.01080333827560e-22	-1.14564240977295e-22
0.270041660000000	9.99852194123337e-23	5.14503008879313e-23
0.270541950000000	-9.49327407948066e-23	-2.09994334447349e-22
0.271041990000000	-5.55422805803664e-23	1.90526937605751e-23
0.271539840000000	7.15961483922623e-23	-1.75589197421996e-22
0.272040050000000	-1.35109089986991e-22	-1.43197819072434e-22
0.272540320000000	2.06905661133643e-22	5.78584785018081e-23
0.273040820000000	-1.74683344517286e-22	-7.90475166555863e-23
0.273540960000000	1.59861996921719e-22	-6.44881893063679e-23
0.274041010000000	-2.16599878760746e-22	-1.03066827827188e-24
0.274541090000000	1.88409480474248e-22	1.48392214655835e-22
0.275041190000000	2.28558552027152e-24	-3.19508183868980e-22
0.275541290000000	8.56870794291867e-24	1.17275139889984e-22
0.276041400000000	9.53553060063862e-23	-1.40062851226576e-22
0.276539140000000	-1.95569204527737e-22	-5.09104745593137e-23
0.277039310000000	1.52504458941169e-22	-3.41226091276598e-23
0.277539810000000	2.72087176279684e-23	-1.98284948405463e-22
0.278040050000000	-6.21310052492498e-23	4.20724189680723e-23
0.278540290000000	7.09399554016907e-23	-2.94751530593393e-22
0.279040870000000	-2.08871478961404e-22	1.41533157141725e-22
0.279541170000000	6.15319796053478e-23	-3.89559268049439e-23
0.280041250000000	7.94466218658880e-23	-1.66863626039119e-22
0.280541700000000	-1.78513841932734e-22	7.94645563384770e-25
0.281041810000000	1.79532075340872e-23	1.54549954568544e-22
0.281539850000000	1.67894086907517e-22	-2.85316896146614e-22
0.282040200000000	-1.14596457564214e-22	2.52484502828977e-22
0.282540730000000	7.17718472414516e-23	-3.40638563917615e-22
0.282735730000000	2.74716689502071e-22	-3.68853637497625e-22
0.282736200000000	2.74882682217288e-22	-3.68674500181609e-22
0.283236350000000	-4.98725955471223e-23	3.94533705460892e-22
0.283736640000000	-1.37601920102057e-22	-2.43150131611861e-22
0.284237000000000	1.77688541838049e-22	-2.57493451299085e-22
0.284737170000000	-1.81830578607392e-22	4.12390590552931e-22
0.285237490000000	1.29599684175076e-22	-3.84591937666969e-22
0.285737600000000	7.53444304779112e-23	1.88480071128736e-22
0.286237650000000	-2.93451884115638e-23	-1.96972993447966e-22
0.286737680000000	2.31174684071852e-22	-7.08706999482705e-23
0.287237760000000	-2.28485060875200e-22	2.81057724650625e-22
0.287736060000000	3.00952389074552e-22	-4.03605849021784e-22
0.288236530000000	-2.63841849498185e-22	1.93863958317983e-22
0.288737090000000	1.00720853625633e-22	-6.11953112488409e-25
0.289237550000000	1.63956238678098e-22	-2.38365658960030e-22
0.289738570000000	-2.61629149104138e-22	7.35212069388963e-23
0.290239530000000	1.39323836880477e-22	-1.22426890058712e-22
0.290739600000000	-1.20682093378507e-22	7.16532703680220e-23
0.291239740000000	-1.04070652730604e-22	1.55052233228312e-23
0.291739810000000	2.81725471019364e-22	-1.15037038267865e-22
0.292239990000000	-2.17654496397969e-22	5.76373147599641e-23
0.292736380000000	2.21130416910555e-22	-1.76354747268918e-22
0.293236890000000	-4.58166338757126e-23	1.90695756280509e-22
0.293737660000000	-8.07636454021948e-23	-2.08526517450694e-22
0.294238150000000	1.79920518387311e-22	5.49774840473219e-23
0.294354370000000	7.66536372545713e-23	7.63112132740458e-24
0.294355010000000	7.61856492804677e-23	7.10954058618781e-24
0.294855670000000	2.58531352996731e-23	2.09643293234693e-22
0.295356620000000	5.02012818642388e-23	-1.77425484542327e-22
0.295856740000000	1.85560540567716e-24	1.25693793270233e-22
0.296356800000000	1.29480831835407e-22	-8.08828801538202e-23
0.296857140000000	1.24999407695732e-22	-1.71021950965172e-23
0.297357350000000	-6.43533437209042e-23	1.26420972290365e-22
0.297857680000000	3.74949222504337e-22	-9.02462725494751e-23
0.298357940000000	-3.08982515148100e-22	1.31114168393502e-22
0.298858050000000	4.20676209943339e-22	-6.17288083355057e-24
0.299354660000000	-1.77107097421793e-23	-4.38030728874570e-23
0.299855000000000	-8.15595030170339e-23	1.08412259929384e-22
0.300355560000000	3.93492520853825e-22	-1.56680653524225e-22
0.300855650000000	-1.92779512548178e-22	2.13271682690520e-22
0.301355990000000	2.36312226664174e-22	-1.26397009968297e-22
0.301856560000000	8.46590232190223e-23	1.53461953663859e-22
0.302356780000000	-5.00930203912882e-23	-1.62462291278031e-22
0.302857070000000	2.43253622657697e-22	7.87306656644356e-23
0.303357530000000	-2.70647719342593e-23	6.28271376037873e-23
0.303857980000000	1.08873503841786e-22	-2.33563281002625e-22
0.304355540000000	1.70000823541129e-22	8.11117893581665e-23
0.304855880000000	-4.93420572919489e-23	5.13628063286689e-23
0.305356300000000	1.90684410312215e-22	1.54327238493421e-23
0.305856810000000	-2.05462639339334e-22	-4.50846714653485e-23
0.306356910000000	1.86228724441660e-22	1.85561182242016e-22
0.306857090000000	-7.16890518121592e-23	-8.22129964384572e-23
0.307357180000000	2.35434889376434e-22	2.81420384057035e-22
0.307857210000000	9.16140013185480e-23	-6.35621074573321e-23
0.308357540000000	-3.76286462021853e-23	2.33749376271775e-22
0.308382530000000	-9.15321489560289e-24	2.20507195608477e-22
0.308382920000000	-8.70304796681321e-24	2.20268239988332e-22
0.308883080000000	2.51949852024885e-22	-1.98407080413774e-22
0.309383280000000	1.14938418113301e-23	2.19005891639422e-22
0.309883300000000	7.69474138971795e-23	7.48933464085825e-23
0.310383460000000	1.06298442193023e-22	5.08829376576894e-23
0.310883640000000	1.11920072950960e-22	-1.92229448597785e-23
0.311383840000000	1.97486754188756e-22	8.06427286861181e-23
0.311884390000000	1.11920892868120e-22	1.28218726544943e-22
0.312384740000000	2.08453272597968e-22	-2.97366842720933e-23
0.312884750000000	-2.99095409578456e-24	2.52143488587442e-22
0.313382710000000	2.59868106397354e-22	-1.58970004830031e-22
0.313882960000000	1.61620181261169e-22	8.82539354247876e-23
0.314383280000000	-5.86191963468093e-23	2.25782950955945e-22
0.314883790000000	1.69409951697920e-22	-1.00158147395230e-22
0.315383880000000	6.69360276825558e-25	1.76515042694143e-22
0.315884840000000	9.00729653954016e-23	-6.55091870992394e-23
0.316385350000000	-1.97569215817782e-23	9.20440721749625e-23
0.316885850000000	1.46196696873582e-22	-5.01055654479185e-23
0.317386550000000	8.91518289755619e-23	2.49014211550016e-22
0.317886670000000	9.94146024396850e-23	-9.24323240154231e-23
0.318382810000000	1.57677063524626e-22	8.38702920778411e-23
0.318882870000000	-7.08123691618358e-23	8.67179615988917e-23
0.319382930000000	4.33741194517417e-22	7.17662147670462e-24
0.319883260000000	1.43983724254075e-22	1.72229303289538e-22
0.320383390000000	1.01088656148776e-24	-5.21299117496500e-23
0.320877070000000	3.36753605206204e-22	1.91941968789336e-22
0.320877540000000	3.36017167279641e-22	1.91979769238971e-22
0.321377960000000	-4.82655028197146e-23	4.28227241892158e-23
0.321878010000000	2.63430951092048e-22	4.49332039229081e-23
0.322378040000000	1.18589285614282e-23	4.36260174480571e-22
0.322878520000000	3.30103214988997e-22	-1.19231141397276e-22
0.323378570000000	1.25574727039130e-22	4.87859492881800e-23
0.323878580000000	1.36346652855894e-22	9.31827523861797e-23
0.324378610000000	2.17442179983585e-22	-1.85382945862643e-24
0.324878780000000	8.55619172922405e-23	5.75991059721389e-23
0.325378890000000	2.72000073854716e-22	1.72089269216431e-23
0.325877200000000	-1.31637959346194e-23	4.95026411465311e-23
0.325943140000000	-1.31141990483704e-23	2.95567821321654e-23
0.325943270000000	-1.30936654707911e-23	2.95202974389223e-23
0.326443410000000	2.16028364092234e-22	1.32949356889654e-22
0.326943440000000	3.87741644577037e-23	1.44804769205553e-22
0.327443650000000	6.98661069801633e-23	3.68047266794770e-23
0.327944130000000	2.04143259756483e-22	1.34096583035858e-22
0.328444500000000	-4.61678176826580e-24	2.34744353847730e-22
0.328944830000000	2.09725084022405e-22	6.36187854463291e-23
0.329444940000000	6.13391111074819e-23	8.20330975393086e-23
0.329944980000000	2.53659664492658e-22	1.08429322632344e-22
0.330445040000000	-8.46393970596441e-23	1.04314125997078e-22
0.330943500000000	2.13233610015425e-22	3.05962808858458e-22
0.331443560000000	1.43222889741019e-22	-3.49126388491023e-22
0.331943630000000	1.24723296541032e-22	4.77201645736812e-22
0.332443740000000	5.39676896284548e-23	-4.31433824478760e-22
0.332943840000000	2.09365156592936e-22	3.40403442139371e-22
0.333444060000000	6.63581157157261e-23	-9.19310499972354e-23
0.333944290000000	1.43008000147880e-22	2.25973528222853e-22
0.334020820000000	1.80935478608365e-22	2.22385943419061e-22
0.334521090000000	1.13418492626447e-22	-1.79373724383220e-22
0.335021530000000	1.46570141593468e-23	8.47506238456447e-24
0.335521790000000	2.99777619545165e-22	4.59822052896216e-23
0.336021830000000	-2.65943144863370e-23	2.24723057330039e-22
0.336521980000000	2.96090795597965e-22	-1.04390741260265e-22
0.337022190000000	1.64025335333333e-23	3.05931862657020e-22
0.337522220000000	4.30098976656360e-22	-9.14529572733066e-23
0.338022380000000	6.90087653006406e-24	2.76433446959862e-22
0.338522400000000	2.16350954503507e-22	-3.60938909093023e-23
0.339020320000000	1.34235301352573e-22	2.95497357057559e-22
0.339520450000000	-5.19845044644813e-23	-2.50862988633730e-23
0.339528350000000	-4.42764243512850e-23	-2.75241232315559e-23
0.340028410000000	3.15017562397682e-22	1.85385003757491e-22
0.340528620000000	-3.35814501905982e-22	-1.23558544260430e-22
0.341028840000000	4.02355601742741e-22	3.31503286735381e-22
0.341529020000000	-5.52301870532129e-23	2.52607305678600e-23
0.342029330000000	2.38174018717515e-22	9.76479985556399e-23
0.342529830000000	9.58110827241263e-23	-6.86316034069093e-24
0.343030360000000	1.34380254928641e-22	-8.50945450662020e-23
0.343530500000000	7.52178132310639e-23	9.07359316146887e-23
0.344030650000000	-1.26941882190269e-22	2.30966476965608e-22
0.344528580000000	2.50434719650601e-22	-9.98333500132614e-23
0.345028610000000	-8.36496274160078e-23	1.37681439103488e-22
0.345528880000000	3.67285450325589e-22	1.18691820630228e-22
0.346029040000000	-1.35806259390901e-22	-1.38283634229535e-22
0.346529110000000	1.90960511744578e-22	2.08340649036094e-22
0.347029300000000	2.50701724215497e-22	-1.33315406151201e-22
0.347416580000000	4.39986247505748e-23	1.34468005509468e-22
0.347416730000000	4.39364406775647e-23	1.34425904545716e-22
0.347916940000000	2.26450499637147e-22	1.53715146027423e-22
0.348416970000000	1.07751111787278e-22	3.66756496811489e-23
0.348917040000000	6.43721694077978e-23	3.05108626938742e-22
0.349417220000000	2.07892125182404e-22	9.10732999795222e-23
0.349917580000000	7.59050431648927e-23	2.17308309872688e-22
0.350418170000000	2.26073684506800e-23	-7.95555639024894e-23
0.350918210000000	1.71735389081117e-22	4.73839120091570e-22
0.351418420000000	8.22943335170693e-23	-2.45947465348984e-22
0.351918500000000	-5.57326536781792e-25	2.95587525259735e-22
0.352416680000000	1.71277356780991e-22	6.34617178372761e-24
0.352465430000000	1.99088198237862e-22	-3.09972177846020e-23
0.352465590000000	1.99138245592433e-22	-3.11043222993462e-23
0.352965600000000	-6.29760676160439e-23	3.25312413095214e-22
0.353465710000000	1.75414726828157e-22	-2.59095572671062e-23
0.353965720000000	4.67465722521030e-23	1.47475848663110e-22
0.354465820000000	1.16837997653160e-22	-9.36813365575570e-24
0.354965860000000	1.66255610473468e-22	1.89462487444164e-22
0.355465860000000	-1.38985616190690e-23	5.93331789136743e-23
0.355965970000000	-1.05405711203657e-22	7.63008946327876e-23
0.356466220000000	3.27521629651525e-22	1.92903725136793e-23
0.356966430000000	-3.92240202716815e-23	1.64925351594542e-22
0.357465840000000	2.48517160267243e-22	-2.87784986152583e-22
0.357633320000000	1.29823084054630e-22	-3.50982168898781e-22
0.357634430000000	1.29019374031572e-22	-3.49410209459653e-22
0.358134630000000	-5.52700486384758e-23	2.75154304892672e-22
0.358634850000000	2.60923184225235e-22	-1.12363580078310e-22
0.359135000000000	-1.83266016978164e-22	2.88841801038164e-22
0.359635030000000	3.18194556669369e-22	-2.23008189246574e-22
0.360135090000000	-3.05941886387363e-22	3.50852246057059e-22
0.360635150000000	3.65193443033848e-22	-2.22631993105071e-22
0.361135220000000	-2.20722561596171e-22	1.87082708673838e-22
0.361635280000000	2.98755432386294e-22	-3.94902535311069e-23
0.362135490000000	-1.67467648964686e-22	2.18851082853533e-22
0.362329720000000	-1.46865506217928e-22	2.92782614580632e-22
0.362830110000000	1.17130448817038e-22	-1.87560833805560e-22
0.363330210000000	-1.13403390594958e-23	3.06236123220631e-22
0.363830400000000	-6.79534087657401e-23	-9.18016683656540e-23
0.364330960000000	1.91950145275484e-22	1.64366994489946e-22
0.364830990000000	-7.07122647303573e-23	-8.48854240601984e-23
0.365331000000000	2.06232149418548e-22	1.27323247374739e-22
0.365831160000000	-9.27768545024868e-23	1.19160570187464e-23
0.366331170000000	2.47103512896415e-22	5.19381191905083e-23
0.366831200000000	-1.19836710174564e-22	6.38299027723751e-23
0.367329600000000	3.38394719634595e-22	6.44911546194179e-23
0.367483850000000	1.79849023555401e-22	1.35335620459339e-22
0.367484010000000	1.79667144540107e-22	1.35336375560913e-22
0.367589760000000	5.08563438228384e-23	1.26293269382456e-22
0.367589760000000	5.08563924345277e-23	1.26293194844532e-22
0.367590200000000	5.02269909663437e-23	1.26250494336612e-22
0.367612350000000	1.80092665342398e-23	1.24670423226921e-22
0.368112390000000	9.61912131716870e-23	-5.97467509627251e-23
0.358853780000000	-1.43002451933736e-22	1.48733504363609e-22
0.359353800000000	-8.30406785059209e-23	9.30082720700033e-23
0.359853880000000	-3.09351477870228e-22	3.13480590411765e-22
0.360351530000000	4.19315682185848e-23	-2.37873397549047e-22
0.360851800000000	-1.68223145914251e-22	2.03187994689944e-22
0.361352120000000	-1.48380495997924e-22	-1.11511478738898e-22
0.361852330000000	4.55682281431596e-23	2.66910890170954e-22
0.362352630000000	5.66790552133612e-23	-2.16521973667402e-24
0.362852870000000	-9.89548654896529e-23	3.20828075494958e-22
0.363352950000000	4.65520704014751e-23	8.44500383257488e-23
0.363853100000000	4.95672655263464e-24	2.43472407667542e-22
0.364353340000000	5.22018311236463e-23	-7.27061088174145e-23
0.364853480000000	2.66045495154896e-22	2.65541495641326e-22
0.365018550000000	2.58309975363454e-22	1.12663763741574e-22
0.365018960000000	2.57913611852432e-22	1.12331049135800e-22
0.365519480000000	1.58306429344238e-23	-2.38305130925237e-23
0.366020450000000	1.72519972024807e-22	1.31327424633879e-22
0.366520500000000	4.22346037676236e-23	-8.45477316174358e-23
0.367020940000000	1.58640274981983e-22	-1.90281717559240e-22
0.367521070000000	-1.52668759969596e-22	-2.27948345694700e-22
0.368021180000000	1.04989442826238e-22	-2.63030267622232e-23
0.368521450000000	-1.58630899407498e-22	-2.28596093214443e-22
0.369021840000000	-4.20251424797946e-23	-1.38930830816799e-22
0.369522200000000	-1.19562883769263e-22	-2.10656526120386e-22
0.370018570000000	-1.83647080770160e-22	8.75394861857050e-23
0.370518970000000	-4.87000485441723e-22	-6.86336742648754e-23
0.371019120000000	-1.60771408202088e-22	3.89203278166807e-22
0.371519240000000	-2.90151445320028e-22	1.57830867668934e-22
0.372019490000000	9.90169653024015e-23	1.22401647628825e-22
0.372519530000000	-8.16839813495500e-23	2.23073656229004e-22
0.373019630000000	1.98345547737401e-22	2.02664291238293e-22
0.373519980000000	-4.97062301422873e-23	6.15586965898118e-23
0.374020400000000	1.89989165931203e-22	6.99288030963012e-23
0.374520730000000	3.99545859061717e-23	1.69045795051478e-22
0.375018720000000	1.85750641440069e-22	-1.82141579991925e-22
0.375519160000000	-1.56763591547806e-22	-3.99986345782769e-23
0.376019740000000	-1.69631494610941e-23	-5.80126391318382e-24
0.376520280000000	-1.69774403255278e-22	1.25041764681048e-22
0.377020570000000	-9.15550158946968e-23	-1.02500106271246e-22
0.377230470000000	-3.17636173638539e-22	-4.74854537262505e-24
0.377231180000000	-3.18020931918925e-22	-3.78288064534530e-24
0.377731520000000	-5.25765818775862e-23	2.06897167051125e-22
0.378232070000000	-2.80392506089731e-22	1.33760682744043e-22
0.378732510000000	7.03172493835192e-23	2.61417471123275e-22
0.379232720000000	1.00170381337049e-23	2.65146535387736e-22
0.379732730000000	5.13610303816181e-23	1.76092522853474e-22
0.380233720000000	-2.16127311565506e-23	1.27759803030512e-22
0.380733820000000	5.88240719319434e-23	2.45134950128596e-22
0.381234470000000	-4.54534948339676e-23	1.40631945032958e-22
0.381734670000000	1.63992901614202e-22	1.35678323146883e-22
0.382230690000000	-1.34615522541954e-23	2.53316559948481e-22
0.382730920000000	1.42737628413302e-23	9.49372422372400e-23
0.383231270000000	7.49875461401952e-23	2.42634416681158e-22
0.383731350000000	5.95013235063393e-24	1.60517784814879e-22
0.384231670000000	-1.30716411347385e-23	2.14467977475949e-22
0.384732320000000	1.24947247353065e-22	1.70459798908028e-22
0.385232720000000	-9.77724574434803e-23	1.82737633841218e-22
0.385732870000000	-4.59881942497489e-23	1.38922566829610e-22
0.385816670000000	-5.64136775196683e-23	1.71242819796101e-22
0.385817170000000	-5.63593199286427e-23	1.71534814010100e-22
0.386317680000000	2.11845918045928e-22	3.30549972617974e-22
0.386818110000000	1.86603083061305e-22	3.43606404775506e-22
0.387319280000000	7.21030613664141e-23	3.08050859158686e-22
0.387820220000000	2.26048704580035e-22	2.15486700241759e-22
0.388321240000000	1.58763256074467e-22	2.41202329276172e-22
0.388822200000000	2.62069697399996e-22	1.56546206554614e-22
0.389322690000000	4.02062369551053e-22	2.31076634294443e-22
0.389823580000000	2.54037380559648e-22	1.61751844401371e-22
0.390323820000000	2.23358083223362e-22	3.56256115891406e-22
0.390816710000000	2.51389900456878e-22	-1.39235366846649e-22
0.391317510000000	4.09491305140134e-22	2.44407968796000e-22
0.391818180000000	-9.81130050127970e-24	1.90340346497369e-22
0.392318940000000	4.00471218216972e-22	2.43257450018038e-22
0.392819730000000	3.24134185654325e-22	-1.71818923408087e-23
0.393320230000000	1.97072747875281e-22	1.33249864630847e-22
0.393820490000000	3.60586441937479e-23	3.89685204732635e-23
0.394320790000000	6.38658501444120e-22	1.01037889341203e-22
0.394821150000000	8.20827948897156e-23	2.37593990521809e-22
0.395321390000000	5.07144025511199e-22	-1.13505449216348e-22
0.395797580000000	1.27062711405305e-22	2.87521089495025e-22
0.395797730000000	1.27187293442758e-22	2.87686450258281e-22
0.396298010000000	4.01674882534505e-22	-2.30950308717732e-22
0.396798450000000	3.93168572556030e-22	1.94445778664636e-22
0.397298670000000	3.97721076707864e-22	-1.88656878324442e-22
0.397799570000000	3.00751927430810e-22	1.54073722051928e-22
0.398300120000000	3.25097225350380e-22	-3.05344840859607e-22
0.398800570000000	3.91742286145972e-22	2.32690759512909e-22
0.399300820000000	1.78667710892628e-22	-2.57131281250348e-22
0.399801010000000	4.30175005338496e-22	-2.21217629522019e-22
0.400301440000000	1.53865346425161e-22	-4.75612328683808e-23
0.400798050000000	3.29188038362271e-22	-1.58399812399469e-22
0.401298120000000	1.81516709133188e-22	-3.20339819687177e-23
0.401798610000000	2.16406452848842e-22	-2.03632260159647e-22
0.402298670000000	3.33075622104907e-22	-3.34972132626778e-24
0.402798920000000	1.79342528641778e-22	-1.23520542882479e-22
0.403299380000000	1.68398851244999e-22	5.41357758870926e-23
0.403516950000000	3.80465780716145e-22	1.66286002501646e-22
0.403517490000000	3.81205971465125e-22	1.66542513423203e-22
0.404017620000000	3.32587897784929e-22	-2.02354592647034e-22
0.404518180000000	2.86463072280328e-22	-2.27446151295194e-22
0.405018200000000	3.13892062435836e-22	-1.37202818132535e-22
0.405518980000000	3.77502963066153e-22	-2.25459096640749e-22
0.406019330000000	3.32121196400204e-22	-1.78065149558521e-22
0.406519890000000	1.58656018687772e-22	-3.43318704594066e-22
0.407020100000000	-2.88296484829429e-25	-2.70531676758568e-22
0.407520190000000	1.46839476278674e-22	-3.72324136186460e-22
0.408020460000000	2.34024926771658e-22	-1.25724574191926e-23
0.408517220000000	9.20903537439982e-23	-1.75505932079706e-22
0.409017300000000	6.50393259547064e-23	-5.36270448357593e-23
0.409517580000000	2.86920132346667e-22	-2.52514198089608e-22
0.410017970000000	1.58594712865950e-22	-1.45699908093931e-22
0.410518400000000	-1.01393483848762e-23	-3.28385929284182e-22
0.410548630000000	-3.89035136814921e-24	-3.03008472327867e-22
0.410549270000000	-3.66516905998604e-24	-3.02401247512362e-22
0.411049330000000	2.20454429240082e-22	-1.86607646078545e-22
0.411549920000000	-1.35328364354509e-23	-1.36510509897559e-22
0.412050210000000	2.25325203844396e-22	-1.74421395568082e-22
0.412550390000000	1.01008618622659e-22	-1.65503869587099e-22
0.413050540000000	6.00044739357358e-23	-2.29534289096464e-22
0.413551110000000	3.13947188091553e-23	-1.02431327212381e-22
0.414051350000000	1.51455807578618e-22	-2.74444606636028e-22
0.414552000000000	1.22271718305544e-23	-4.81137824964896e-23
0.415052520000000	1.32420711249586e-22	-1.07897663067536e-22
0.415548630000000	1.70042568019160e-22	-9.18094527175078e-23
0.416049030000000	1.52976151126000e-22	2.13961660805187e-23
0.416549370000000	1.54922504833347e-22	-1.45504641419391e-22
0.417049590000000	2.28753757126885e-22	-1.57173789945616e-22
0.417550240000000	5.36693791356203e-23	-5.56943476669754e-24
0.418050800000000	4.01778571267878e-22	-4.28847847885350e-22
0.418443070000000	1.64537978005269e-22	-2.79106995891237e-23
0.418443540000000	1.64992685265843e-22	-2.78641069052762e-23
0.418943660000000	7.18602330150187e-23	-3.85512562043681e-22
0.419444030000000	2.46946176302681e-22	-2.92012190601659e-22
0.419944250000000	-4.15216971394828e-23	-2.01790761866218e-22
0.420444260000000	-1.00744906689521e-23	-1.27363270998966e-22
0.420944520000000	1.45875409255584e-22	-3.48699357485582e-22
0.421444740000000	1.42872768909681e-23	4.06644656464560e-23
0.421944810000000	1.23317323335562e-22	-1.43609035074941e-22
0.422444920000000	2.01642502695274e-22	-1.89791403856610e-22
0.422945160000000	-2.54427683813398e-23	-4.43407116900541e-23
0.423443260000000	9.86432775240687e-23	-2.22946993611247e-22
0.423943630000000	2.39588148964458e-22	-2.42074157239119e-22
0.424443630000000	-8.53874693838570e-24	-1.37360106114580e-23
0.424944140000000	-6.13855061037928e-23	-3.35616448161253e-22
0.425256970000000	6.91420261450317e-23	-2.38979559780872e-22
0.425257030000000	6.92025379759284e-23	-2.38927597125741e-22
0.425757210000000	-5.25535820669674e-23	-2.43109657519312e-22
0.426257380000000	1.75973375602889e-22	-8.44663686125895e-23
0.426757680000000	-2.81798485776760e-22	5.58449466805662e-24
0.427258000000000	-1.64584748931977e-22	-1.39881989815978e-22
0.427758240000000	1.93670010640613e-22	-3.87267453751373e-23
0.428258380000000	-1.74287820368099e-22	-5.71010273623308e-23
0.428758770000000	1.54298534911252e-22	-2.60888958355157e-22
0.429258860000000	1.43428047273951e-22	2.67770944382742e-23
0.429758970000000	-2.16088033320515e-23	-6.37935865996551e-23
0.430257030000000	3.34258966736294e-23	-1.29487893493479e-22
0.430757280000000	2.17915716171833e-22	-1.33006520995545e-22
0.431257330000000	4.30936565786112e-23	9.34555190566530e-24
0.431318810000000	6.87758569746509e-23	8.02621510110154e-23
0.431319260000000	6.88988801972659e-23	8.08465121286316e-23
0.431819720000000	7.11891583659489e-23	-2.83835069261090e-22
0.432320300000000	3.87746116852456e-23	-5.63481003507419e-23
0.432820470000000	1.15547814250930e-23	-5.50509816808322e-23
0.433320590000000	1.14988734452552e-22	-1.32728202870148e-22
0.433820670000000	4.07239339464214e-23	6.66228809021332e-23
0.434321040000000	1.99175767335048e-23	-6.29265647123942e-23
0.434821120000000	1.84049170738187e-23	-1.23761543434355e-22
0.435321480000000	-3.06511641312721e-23	-1.06638166604400e-24
0.435821930000000	1.37118311571778e-22	-1.56775929194562e-22
0.436318970000000	3.20557826909993e-22	-1.84756324983089e-22
0.436819100000000	-8.11268946304356e-23	6.85036963299047e-23
0.437319150000000	4.49034730137047e-23	-2.15221977185483e-22
0.437819550000000	2.59560245327953e-22	7.42360094229216e-23
0.438319790000000	-8.94732008538216e-23	-3.41356305788456e-22
0.438359490000000	-1.05877254312642e-22	-2.61308606865376e-22
0.438359600000000	-1.05870075986515e-22	-2.61081178697165e-22
0.438859980000000	3.38892033420491e-22	-3.91543302297586e-22
0.439359990000000	1.04818851445209e-22	1.40098908136952e-22
0.439860100000000	-1.13684832831589e-22	-2.16521043563746e-22
0.440361110000000	-1.08080656910907e-22	-2.05071937469730e-22
0.440861350000000	1.01215785438751e-22	-2.36883219567220e-22
0.441361440000000	-8.63877683194054e-23	1.21476463475653e-22
0.441861450000000	-5.37031934267286e-23	-4.79279905642806e-22
0.442361740000000	4.33034221756155e-22	5.60449189666350e-23
0.442861840000000	-1.14353765325549e-22	1.24680592792332e-22
0.443018100000000	2.62804579752500e-23	1.08513031961396e-22
0.443518190000000	1.44316341636470e-22	-2.58845601642112e-22
0.444018490000000	2.31097744730736e-22	-1.09200235968991e-22
0.444518510000000	2.55943104617039e-22	-1.35794945830401e-22
0.445018840000000	2.92719613831241e-22	-1.07330202613916e-22
0.445519020000000	1.42829290614731e-22	-4.41004072575695e-22
0.446019310000000	5.11341051823530e-22	-2.54308766658143e-22
0.446519430000000	8.59037352470387e-23	-3.86982530917784e-22
0.447019500000000	1.36719517476288e-22	-4.07070747644007e-22
0.447043230000000	9.31893214457998e-23	-4.30217388250046e-22
0.447043240000000	9.31704536287754e-23	-4.30227891615724e-22
0.447543260000000	2.64015989532536e-22	-1.72832937321589e-22
0.447736220000000	1.70789940335046e-22	-2.74115994856835e-22
0.447736330000000	1.70696427648643e-22	-2.74154586056617e-22
0.448236360000000	5.55211993110871e-23	-5.08455452221673e-22
0.448736770000000	1.74541728943886e-22	-1.24022675707178e-22
0.449237190000000	-1.25314281811516e-22	-6.03801615989683e-22
0.449737650000000	3.62159979636121e-22	-3.27738710011464e-22
0.449885970000000	1.03517526243781e-22	-4.39912231347551e-22
0.450386040000000	1.61362756439853e-22	-1.63457356355026e-23
0.450886520000000	-2.28524523844610e-23	-2.43050856819880e-22
0.451386800000000	9.26344060488095e-23	-2.69464689066797e-22
0.451596650000000	1.53631258455510e-22	-1.95811089812359e-22
0.452096780000000	-9.10138349203361e-23	-3.06078870887158e-22
0.452596790000000	3.72881145126871e-22	-1.68345313571134e-22
0.453097020000000	-9.87959506364049e-23	-8.82288712377614e-23
0.453162070000000	1.14385612463628e-22	-4.23586316318184e-23
0.453162440000000	1.15683570495374e-22	-4.22200785948473e-23
0.453662890000000	-8.13027846856030e-23	-3.84810816659413e-22
0.454162990000000	2.28658361547715e-22	-1.55381616312976e-22
0.454663270000000	-1.54364377824080e-23	-2.40482937848672e-22
0.454692410000000	-1.58650729735972e-24	-2.10275903074373e-22
0.455192680000000	7.00447160491547e-23	-3.17417946042731e-22
0.455692830000000	1.13771750532138e-22	-1.92979650113991e-22
0.456192980000000	1.38049523574429e-22	-2.50778320034008e-22
0.456692990000000	1.52028524576247e-22	-1.49833758654789e-22
0.457193360000000	-3.40812405800272e-23	-3.18639431405579e-22
0.457693470000000	2.01967206094644e-22	-2.37938657121603e-22
0.458193540000000	8.48082189751806e-23	-2.82451898178701e-22
0.458310800000000	-2.21814717179906e-23	-2.56281458178777e-22
0.458310870000000	-2.22488377970849e-23	-2.56253820812995e-22
0.458811160000000	3.94675732613261e-22	-1.31008052316441e-22
0.459311320000000	-6.73812167743566e-23	-1.96096664042585e-22
0.459811600000000	1.07887989341357e-22	-2.50486860548592e-22
0.460311760000000	2.70540520845249e-22	2.25614854974969e-23
0.460810890000000	1.54452361741015e-22	-2.46042776667893e-22
0.461311150000000	3.22511935802180e-22	-4.63706415304238e-22
