0.00995009000000000	-4.53300762362792e-25	-1.12139700563421e-22
0.0104527400000000	-8.42547522065328e-25	-1.13381191256823e-22
0.0109531000000000	-8.53362002554945e-25	-1.16272488148671e-22
0.0114564900000000	-1.55347727483944e-24	-9.98849075709807e-23
0.0119570300000000	-1.52358432667155e-24	-1.70803149751431e-22
0.0124573100000000	4.38331602823823e-25	-6.00228199872946e-23
0.0129581700000000	2.57596582618420e-25	-6.39054096890451e-23
0.0134589600000000	1.25058107931006e-24	-1.56251891942643e-22
0.0139596300000000	2.19900161998950e-24	-1.54963264114473e-22
0.0144600000000000	-6.44610445390376e-25	-9.96338573625274e-23
0.0149503800000000	-1.22580532164056e-24	-1.94793734655409e-22
0.0154520700000000	9.27831869852188e-25	-1.20418728208753e-22
0.0159521700000000	1.86163973671452e-24	9.28956711935839e-23
0.0164527000000000	1.33531449461768e-24	-8.76407022044798e-23
0.0169527400000000	2.66586504367955e-25	-1.01146228592857e-22
0.0174527900000000	-3.69565507076393e-25	-1.93839989514356e-22
0.0179590500000000	1.03539657525550e-25	-1.96926235484374e-22
0.0184598200000000	-4.35615829779083e-25	1.79288112716725e-22
0.0189604200000000	-1.70090356550565e-24	-7.56510244026100e-23
0.0194609400000000	-1.16351106213459e-24	-1.97521505065080e-22
0.0199504400000000	1.42898921998548e-25	7.42006752063264e-23
0.0204516800000000	-1.33119222336122e-24	-7.49139512833062e-23
0.0209545600000000	8.96532423472591e-25	-1.95964842104198e-22
0.0214563100000000	-3.60753828187790e-25	-5.14935361244347e-23
0.0219566100000000	-2.63662997370746e-24	-3.28259577781237e-22
0.0224574400000000	6.84219249868679e-25	-2.61902155592278e-22
0.0229600400000000	8.53122184887510e-25	2.04211581865468e-23
0.0234629900000000	1.88263350495298e-25	-3.43650476133066e-22
0.0239663400000000	2.51645215530877e-24	-1.79954232214261e-22
0.0244696900000000	6.76992312052723e-25	-1.39267602878243e-22
0.0249517400000000	-1.36543429733584e-24	5.05375807719068e-23
0.0254539800000000	-1.24855235147473e-24	3.39502515219181e-23
0.0259562100000000	-3.64030256049643e-25	-2.79654496385213e-22
0.0264584500000000	1.18224924798745e-24	2.02422085116521e-22
0.0269589700000000	-2.28750406161100e-24	-2.09860159703198e-22
0.0274596800000000	-1.99211675169578e-24	-2.32809679908944e-22
0.0279622200000000	3.24583166457895e-24	-3.40522744947361e-23
0.0284647600000000	-9.08883033345509e-25	-1.03674085050486e-22
0.0289656900000000	-2.07645155115077e-24	-8.90529106693034e-23
0.0294674500000000	-1.73727159069429e-24	-3.08624289127758e-22
0.0299534200000000	-1.84825855902749e-24	-1.50599159425864e-22
0.0304543200000000	6.54652000019408e-24	-2.71604812208651e-22
0.0309544600000000	4.65940449748349e-24	-1.58113755293129e-22
0.0314546500000000	4.14592246371159e-24	-7.58050456791307e-23
0.0319557200000000	3.26502031875306e-24	-3.24317626725237e-22
0.0324587400000000	-2.59269472887746e-24	5.45873363509768e-23
0.0329611100000000	1.71379214474065e-24	-1.58731506159767e-22
0.0334611500000000	9.21321144259249e-25	-1.90220797390153e-22
0.0339612200000000	1.10583815389569e-24	-1.65903551656114e-22
0.0344619200000000	-7.23176657709758e-25	-5.30760702263853e-23
0.0349554600000000	1.32392639619379e-24	-1.54212288052016e-22
0.0354571100000000	1.95298758255235e-24	-9.49782283729164e-23
0.0359617000000000	-5.85651920007263e-24	-7.19975513150804e-23
0.0364625800000000	2.98510124838742e-24	-1.82880795266339e-22
0.0369626100000000	1.01870980269301e-24	-1.24402132072647e-22
0.0374633400000000	-4.54499202544111e-24	-2.14830351693782e-23
0.0379648800000000	1.97389709052927e-24	-1.87369647272145e-22
0.0384669800000000	-1.97283735570155e-24	-1.71175618996751e-22
0.0389704200000000	-3.35909041919421e-24	-9.49032659071671e-23
0.0394709000000000	1.20012214576996e-24	-1.55635469795515e-22
0.0399569500000000	-1.32023514858286e-24	-2.33441735575366e-22
0.0404574100000000	2.59274009978751e-24	5.86308080590042e-23
0.0409608200000000	-3.80677491104801e-24	-1.90236035534373e-22
0.0414631300000000	-1.53913034492408e-24	-1.88873177656572e-22
0.0419642800000000	-3.21296368102315e-24	-1.38459015482354e-22
0.0424669900000000	8.06889227541129e-26	-1.73490154398417e-22
0.0429672000000000	3.60429750258823e-24	-1.36979930296109e-22
0.0434707200000000	-4.35273279408165e-24	-1.74753150903185e-22
0.0439745200000000	-1.29095794848001e-24	-1.03689854682509e-22
0.0444760200000000	-1.53206220529332e-24	-1.55417543592181e-22
0.0449583000000000	2.56938704422618e-25	-1.86086506083312e-22
0.0454594300000000	8.16904531857914e-24	-1.58365116616394e-22
0.0459616000000000	2.61242135241366e-24	-6.10477488454445e-23
0.0464624900000000	-4.11246789910437e-24	-9.54634637743995e-23
0.0469643200000000	-4.07337761931241e-24	-1.45849457095032e-22
0.0474663000000000	3.99420214048657e-24	-1.64715994011650e-22
0.0479667700000000	-2.71318042130867e-25	-1.53069926315526e-22
0.0484675500000000	7.45231781165582e-24	-1.61833897692206e-22
0.0489694600000000	1.22984527710306e-23	-1.33468066300420e-22
0.0494707400000000	-3.34341476977009e-25	-1.67316136051335e-22
0.0499595500000000	-6.05061271251004e-24	-9.38138325780357e-23
0.0504622300000000	1.26722572174179e-24	-1.01737304605161e-22
0.0509636300000000	1.04812635630531e-24	-1.90204898126958e-22
0.0514644600000000	-8.31039514807723e-25	-1.02425318807578e-22
0.0519666100000000	2.68075642451556e-24	-1.10762301308948e-22
0.0524706100000000	-6.01018075009216e-24	-1.56975502864778e-22
0.0529708300000000	-2.35407614977932e-24	-1.65031347762769e-22
0.0534730700000000	-3.20509830968713e-24	-1.84084615141279e-22
0.0539768300000000	8.22091723188954e-25	-1.56357094119945e-22
0.0544795700000000	-5.49081994268881e-25	-1.28263134943549e-22
0.0549652200000000	-2.18068473544431e-24	-1.42726525503455e-22
0.0554674600000000	-4.32952233280906e-24	-1.45218759315132e-22
0.0559696900000000	3.72288409835570e-24	-1.44377754404009e-22
0.0564719300000000	8.25993621453713e-24	-1.11546884252638e-22
0.0569762700000000	1.23640299399570e-23	-1.34584294392719e-22
0.0574766400000000	1.06055312449154e-23	-1.82256413765275e-22
0.0579793600000000	6.01743037336315e-24	-2.03054963940883e-22
0.0584830900000000	1.80113017436337e-23	-1.74142756605535e-22
0.0589845300000000	9.52465357310871e-24	-1.88194509861627e-22
0.0594859800000000	1.02076316045094e-23	-1.91046833141737e-22
0.0599643300000000	1.83908974626116e-23	-1.64690871490597e-22
0.0604657800000000	2.24321848853978e-23	-1.17739216243485e-22
0.0609676400000000	8.89847343953867e-24	-1.82299976320486e-22
0.0614720800000000	1.24437563512621e-23	-1.57172970028456e-22
0.0619762000000000	-1.80776502180311e-24	-1.64087402738289e-22
0.0624790600000000	-2.28683613699940e-23	-1.53864659379952e-22
0.0629824500000000	-2.71447154777768e-23	-1.18242493063274e-22
0.0634837000000000	-2.15107146652912e-23	-7.10693564779478e-23
0.0639846600000000	1.62550002969505e-23	-1.44040787895807e-22
0.0644861000000000	2.40652881073843e-23	-1.31460724367622e-22
0.0649690200000000	4.71550238698761e-24	-1.64580519715004e-22
0.0654727900000000	3.61231130161572e-23	-1.14381924456797e-22
0.0659730200000000	1.85008571039100e-23	-1.50902603313093e-22
0.0664731600000000	2.82414502826478e-23	-1.86318698197079e-22
0.0669731700000000	2.61089429721237e-23	-1.97085205430870e-22
0.0674770000000000	1.48535868679408e-23	-1.74747780931902e-22
0.0679813800000000	1.20737987098916e-23	-1.95045290425431e-22
0.0684817700000000	-1.32392574803793e-23	-2.05218064207901e-22
0.0689818000000000	-9.18202218270874e-24	-2.07251001815530e-22
0.0694860200000000	2.30483023992734e-23	-2.29313854529960e-22
0.0699464600000000	2.60037764433947e-23	-2.13563932926083e-22
0.0699509800000000	2.61251760355856e-23	-2.13790913866752e-22
0.0704510100000000	-1.29302297304339e-23	-2.38796128432298e-22
0.0709522200000000	3.59335987248561e-24	-2.16260847876137e-22
0.0714570200000000	3.93733618629080e-24	-2.05261263795832e-22
0.0719593800000000	-8.84642328336734e-24	-2.09607735404326e-22
0.0724637700000000	-5.55029796499206e-24	-1.94936393759740e-22
0.0729683000000000	-1.75918476801722e-23	-1.97120238254992e-22
0.0734725000000000	-1.20497845353552e-23	-1.51950609760565e-22
0.0739740600000000	-1.69293708185579e-23	-1.52977139563684e-22
0.0744746400000000	-1.41702815178318e-23	-1.77156033189067e-22
0.0749480700000000	3.08036071482787e-25	-1.37551733393978e-22
0.0754501600000000	1.73857017095565e-23	-1.65326352660728e-22
0.0759516000000000	4.03789432686985e-24	-1.86870087626202e-22
0.0764530300000000	-1.02664647117341e-25	-1.78823329873339e-22
0.0769545100000000	1.57276574501567e-23	-2.14599465614069e-22
0.0774570100000000	2.51651470234906e-23	-2.05851506927859e-22
0.0779623600000000	1.94989458279829e-23	-1.40903707061852e-22
0.0784652300000000	6.40755214347389e-24	-2.32955161732036e-22
0.0789653500000000	1.27903220477197e-23	-2.01798017971048e-22
0.0794666100000000	3.35151347721497e-24	-1.97097264370607e-22
0.0799499000000000	5.31080113470642e-24	-2.29122392530306e-22
0.0804539100000000	-4.76607150702357e-24	-2.43848707513983e-22
0.0809569100000000	-8.45577650701166e-25	-2.33218740793223e-22
0.0814575000000000	-2.18054214115556e-24	-2.40062012471413e-22
0.0819597800000000	-4.51189070577645e-24	-2.22876240917795e-22
0.0824601500000000	-1.01302061465000e-23	-2.09122982878957e-22
0.0829609500000000	-2.39464292861565e-23	-1.90632752290338e-22
0.0834624800000000	-3.18558233680476e-23	-1.40701965310291e-22
0.0839633000000000	-1.76425982838484e-23	-1.53146933713007e-22
0.0844678500000000	-1.66820118577156e-23	-1.57599472786873e-22
0.0849500500000000	4.40050836236991e-24	-1.66048122820226e-22
0.0854531700000000	-2.00783453125066e-24	-1.98174259588825e-22
0.0859548400000000	4.12839957009237e-24	-2.10821147985963e-22
0.0864548800000000	-1.48493641325264e-23	-2.46336964889471e-22
0.0869611000000000	-1.17738192157230e-23	-2.36615550642570e-22
0.0874638300000000	2.09418185464453e-24	-1.85727687000360e-22
0.0879662400000000	2.51484894179417e-23	-1.57129290805190e-22
0.0884688500000000	3.01310579446321e-23	-2.07890180714830e-22
0.0889725900000000	2.10380178388798e-23	-2.18195716261681e-22
0.0894750300000000	1.13096650835191e-23	-2.39236748025300e-22
0.0899574400000000	-3.32016801176946e-23	-1.81749445697875e-22
0.0904576500000000	-3.69814593372596e-23	-1.70688218754702e-22
0.0909632600000000	-4.11021977051112e-23	-1.71393250289169e-22
0.0914636000000000	-5.53481903087082e-23	-1.94861564165942e-22
0.0919672400000000	-4.83250975100723e-23	-2.56123635468150e-22
0.0924709200000000	-4.75197120041216e-23	-2.94234256847853e-22
0.0929750800000000	-3.70858318750626e-23	-2.28386897670516e-22
0.0934770100000000	-2.06693143790944e-23	-1.66053800665542e-22
0.0939811900000000	-1.46519779883307e-23	-1.09767751515859e-22
0.0944824300000000	-2.87031835527223e-23	-1.40535019805963e-22
0.0949623000000000	-9.92153884959699e-24	-1.92173584044389e-22
0.0954035400000000	-2.09948701034171e-24	-1.97702897963481e-22
0.0954067300000000	-2.30514686406394e-24	-1.97586861861014e-22
0.0959134600000000	8.48043235584745e-24	-1.95363363190374e-22
0.0964134900000000	-1.08123415752855e-24	-2.08569263329525e-22
0.0969209900000000	-4.93636797713695e-24	-2.14950970258164e-22
0.0974238500000000	5.06898390644939e-24	-1.94137674536788e-22
0.0979267000000000	-1.23437329392658e-23	-2.03967687297686e-22
0.0984277200000000	-3.31717093908237e-23	-2.34864129809497e-22
0.0989301300000000	-3.16311595845708e-23	-2.01720498530439e-22
0.0994314200000000	-3.20793852865659e-23	-1.69667049200528e-22
0.0999351000000000	-1.92269601853184e-23	-1.33487041063161e-22
0.100406830000000	-6.57359995193853e-24	-1.49553116890642e-22
0.100915390000000	-1.84819990092235e-23	-1.66374067438064e-22
0.101421880000000	-3.95135514934203e-23	-1.87108032123208e-22
0.101932830000000	-4.19354117828223e-23	-2.02293478031190e-22
0.102437470000000	-4.29401603083355e-23	-2.13877957957693e-22
0.102942780000000	-4.57265304891219e-23	-1.98706541383256e-22
0.103443140000000	-3.69543178107087e-23	-2.21894790354595e-22
0.103943560000000	-4.18429782759225e-23	-2.21514235364948e-22
0.104450830000000	-7.10822677426378e-23	-1.84971065500381e-22
0.104954500000000	-7.00787993249441e-23	-1.45655139968824e-22
0.105408690000000	-7.06063301369367e-23	-1.69901454766550e-22
0.105911890000000	-6.34603275429609e-23	-1.87279372124252e-22
0.106415770000000	-5.08733352286541e-23	-2.07375564408307e-22
0.106918710000000	-5.67706234321907e-23	-2.20364209185437e-22
0.107421040000000	-5.02077990713903e-23	-2.00796565318072e-22
0.107924940000000	-1.60763134492562e-23	-1.32117526624700e-22
0.108425510000000	-3.01890678939172e-23	-1.80942517580983e-22
0.108929770000000	-2.73520799814054e-23	-2.65164998107349e-22
0.109431650000000	-4.59426937085220e-23	-2.79024962045078e-22
0.109937850000000	-5.07818674739826e-23	-2.24277819626548e-22
0.110412860000000	-7.40165665348804e-23	-1.97506159975143e-22
0.110914880000000	-8.98030603330411e-23	-1.90658202130100e-22
0.111414940000000	-8.64018235791847e-23	-1.61924979794142e-22
0.111919750000000	-7.21147508573119e-23	-1.38867528674934e-22
0.112421290000000	-6.05132503579791e-23	-1.61290989382484e-22
0.112923400000000	-7.25710687851934e-23	-2.13635768039818e-22
0.113429330000000	-5.74149292443279e-23	-2.16084530038103e-22
0.113930240000000	-5.70124763090200e-23	-2.43866690598261e-22
0.114432840000000	-9.71775054591455e-23	-2.70486652611896e-22
0.114934580000000	-9.62950769071415e-23	-3.02657246390791e-22
0.115414800000000	-6.13784444457206e-23	-2.62929942817762e-22
0.115916710000000	-8.50852634743164e-23	-2.60569112883943e-22
0.116419960000000	-1.22277516059693e-22	-2.73208148872862e-22
0.116926580000000	-1.28058897791935e-22	-2.57691770787716e-22
0.117427140000000	-9.42805015549683e-23	-2.08470063075468e-22
0.117929340000000	-8.16367729176374e-23	-2.19919746028197e-22
0.118432340000000	-5.42460142354099e-23	-2.20069220491375e-22
0.118934400000000	-4.62653068052497e-23	-2.02286322390518e-22
0.119434590000000	-7.88467827863844e-23	-2.16272790147819e-22
0.119935430000000	-8.07944684540188e-23	-2.49073906704532e-22
0.120416420000000	-1.04920786916986e-22	-2.37400558128347e-22
0.120917870000000	-6.52360769061613e-23	-2.12722017355979e-22
0.121418790000000	-7.04954695589958e-23	-2.06345654472389e-22
0.121922130000000	-7.98908225200054e-23	-1.92850206907603e-22
0.122424400000000	-8.77591235205035e-23	-2.21352718165930e-22
0.122930940000000	-1.10970148688690e-22	-2.58035844324900e-22
0.123432400000000	-9.45754027479901e-23	-2.44173628045565e-22
0.123933430000000	-5.03558799994731e-23	-2.25344253145061e-22
0.124435010000000	-5.10566855577463e-23	-1.89150257804280e-22
0.124936250000000	-9.11194648805035e-23	-1.90239746226660e-22
0.125417240000000	-5.92858829807209e-23	-2.28559381666650e-22
0.125919060000000	-4.66970920339084e-23	-2.44658403256389e-22
0.126425100000000	-3.35813665784926e-23	-1.97907634195105e-22
0.126932640000000	-6.85891394758768e-23	-1.91856493235571e-22
0.127436270000000	-8.47102080871233e-23	-2.03808208548842e-22
0.127941860000000	-7.49638495620292e-23	-1.98043072843179e-22
0.128443790000000	-1.31046980557269e-22	-1.72150095402919e-22
0.128946300000000	-1.06553287354025e-22	-1.66091383982964e-22
0.129447820000000	-5.44537903180083e-23	-1.94827124404430e-22
0.129948130000000	-3.98153328608741e-23	-2.45066313664020e-22
0.130420190000000	-5.64360259336498e-23	-2.62464628486572e-22
0.130927060000000	-6.75994184439298e-23	-2.17037601097063e-22
0.131429790000000	-7.32131773489721e-23	-1.96906469971487e-22
0.131934300000000	-6.22270392619404e-23	-2.16515521275836e-22
0.132436100000000	-8.12809936856592e-23	-2.12968663345378e-22
0.132938390000000	-9.99544708984334e-23	-1.72621463509822e-22
0.133438630000000	-8.29808504794543e-23	-1.78890154742292e-22
0.133946890000000	-6.43508029499411e-23	-2.27537204230117e-22
0.134450930000000	-5.68921461739946e-23	-2.09804603023836e-22
0.134952080000000	-8.91707940159650e-23	-2.18932325949546e-22
0.135425900000000	-5.39948538404607e-23	-2.39742821637616e-22
0.135929950000000	-4.44924579395134e-23	-2.11377900904811e-22
0.136430190000000	-2.07445782373176e-23	-1.81695123755422e-22
0.136931170000000	-9.89838348157233e-24	-1.53502871743170e-22
0.137433190000000	-5.03309227581634e-25	-1.60110386450375e-22
0.137939080000000	2.78897998034847e-23	-1.76891643933058e-22
0.138445890000000	-4.57169928756725e-24	-1.78198037713294e-22
0.138951430000000	-2.08761798027124e-23	-1.69989007659839e-22
0.139453550000000	-4.95192663442871e-23	-1.52173513800887e-22
0.139946920000000	-6.69166089330522e-23	-1.87947173586240e-22
0.139950120000000	-6.67609575445488e-23	-1.88361785925442e-22
0.140454240000000	-5.72922009326282e-23	-2.08552077476952e-22
0.140957680000000	-4.43922044321876e-23	-2.11959662917437e-22
0.141463580000000	-3.73276491033197e-23	-1.46902214524942e-22
0.141968340000000	-5.56886503769842e-23	-1.28539239616691e-22
0.142471100000000	-2.36493081593213e-23	-1.29243470678673e-22
0.142971860000000	-6.94698082847264e-23	-1.05974898992639e-22
0.143473280000000	-7.53611658621630e-23	-1.17010099237337e-22
0.143976000000000	-5.76642132280683e-23	-1.44323111624406e-22
0.144476350000000	-8.15662730049700e-23	-1.91227017229464e-22
0.144947150000000	-5.94153294278880e-23	-1.83145936383144e-22
0.145450690000000	-6.83133167505333e-23	-1.64321442096251e-22
0.145954100000000	-4.08776279042338e-23	-1.95386087534753e-22
0.146456900000000	-2.26841781606244e-23	-1.90303683561265e-22
0.146959540000000	-3.64972350589149e-23	-1.65307818643971e-22
0.147461690000000	-4.16864356731144e-23	-1.64806058508889e-22
0.147962800000000	-5.21700196341390e-23	-2.39784073517194e-22
0.148463700000000	-7.27922778979474e-24	-2.78151047020268e-22
0.148966500000000	1.24572412338864e-23	-2.71848907704749e-22
0.149468470000000	2.54121235723768e-23	-2.33285102230738e-22
0.149951030000000	-4.59218230898965e-23	-2.33118380340181e-22
0.150455520000000	-4.69356814459929e-23	-2.94491292775654e-22
0.150958620000000	-3.28947297072738e-23	-2.79598126270248e-22
0.151460550000000	3.77964958839350e-24	-3.47920092660706e-22
0.151960950000000	-1.33093814626491e-23	-2.82807508890156e-22
0.152462030000000	1.47943940342151e-23	-1.78644114778620e-22
0.152964900000000	3.14350341035187e-23	-1.48204178159890e-22
0.153470530000000	3.47819262294666e-23	-1.50603978464667e-22
0.153973140000000	-8.87345462342244e-24	-1.42419847318495e-22
0.154476370000000	-3.60516927221715e-24	-1.06045321126604e-22
0.154952660000000	4.71061172696158e-23	-1.16148100557975e-22
0.155455550000000	6.86557569349552e-23	-9.89473630855974e-23
0.155957100000000	4.86775970734093e-23	-6.27597618023551e-23
0.156461500000000	9.75813551703272e-24	-2.66503054301246e-23
0.156962670000000	-1.44005421271419e-23	-6.55326989529859e-23
0.157463790000000	5.77717260810030e-23	-8.94383073832098e-23
0.157965150000000	4.78411519387464e-23	-7.02437387868917e-23
0.158467460000000	1.11804714171365e-23	-4.51681215320574e-23
0.158972320000000	-8.43505917724662e-23	-8.93310375887218e-23
0.159474040000000	-2.95245234151160e-23	-2.27622229315560e-22
0.159954750000000	4.67120449895509e-23	-2.83752536334920e-22
0.160456790000000	4.31022057543773e-23	-2.82762970860379e-22
0.160959670000000	2.04753764240629e-23	-2.49226252498160e-22
0.161460820000000	5.32830717627334e-23	-2.18224986980225e-22
0.161961180000000	4.86888490591030e-23	-2.39140551973645e-22
0.162463980000000	6.30808776590510e-23	-2.64097375222837e-22
0.162964490000000	4.48445718501150e-23	-1.81200723430107e-22
0.163466710000000	4.67934371614109e-23	-2.16187697006011e-22
0.163967130000000	4.80038973931149e-23	-3.70383379304946e-22
0.164469050000000	6.23184681272605e-23	-2.67364634920079e-22
0.164954810000000	2.35028346577663e-23	-1.86388420322717e-22
0.165457340000000	5.76699267219560e-24	-2.32058428380247e-22
0.165959130000000	1.17744803346981e-23	-3.45136172509062e-22
0.166459700000000	2.19793216282391e-24	-2.83056692409739e-22
0.166962440000000	4.53003939387651e-23	-2.37167222019491e-22
0.167463860000000	5.05904929753692e-23	-2.02220573460289e-22
0.167964670000000	1.76235943540938e-23	-2.23908390232202e-22
0.168465520000000	3.34285411495298e-24	-2.29450855233651e-22
0.168965610000000	6.89817209974684e-23	-1.75809226891088e-22
0.169465860000000	4.29219665734033e-23	2.67442653440699e-23
0.169955120000000	-2.75504156739329e-23	3.59546670310182e-23
0.170455750000000	-6.87983803907141e-23	-1.13363736419569e-22
0.170956980000000	6.56249315315698e-23	-5.09310373039066e-23
0.171458820000000	1.39388607095360e-22	-1.25072445138584e-22
0.171959240000000	1.47513791707033e-24	-1.87092482864176e-22
0.172460590000000	-6.84527772057055e-23	-1.78842537972189e-22
0.172960730000000	-8.46966681112510e-23	-2.00273685024360e-22
0.173461750000000	3.97705226056359e-23	-3.83783100731074e-22
0.173962490000000	6.84639611350341e-23	-4.84493956552599e-22
0.174462680000000	3.51998312004277e-23	-3.17594850461816e-22
0.174955750000000	-6.35967837957315e-23	-2.12717801102123e-22
0.175456010000000	-8.78392712331162e-23	-3.94562535433452e-22
0.175956650000000	2.04066394953291e-22	-4.53424530964644e-22
0.176457260000000	2.18608831360852e-22	-2.50520036406180e-22
0.176957590000000	-2.07698469175171e-22	-4.67996594576470e-23
0.177458030000000	-8.79993689708050e-23	-2.79183867175988e-23
0.177958490000000	2.46413554226424e-22	-8.94300466368005e-23
0.178458870000000	1.01102520202577e-22	-1.69406574805900e-22
0.178959420000000	-5.61936934214858e-23	-3.00705292616832e-22
0.179459870000000	9.44510021941770e-23	-3.24464777549664e-22
0.179956350000000	9.72910591246761e-23	-2.87913862222595e-22
0.180456460000000	-1.84049792967811e-22	-4.04469827817292e-22
0.180956940000000	-8.24932233828554e-23	-4.60477325505469e-22
0.181457960000000	4.03454336108434e-25	-4.41255722328317e-22
0.181959160000000	-3.10821799989274e-22	-2.96034794931840e-22
0.182459330000000	-7.05271449357730e-23	-2.99034748671712e-22
0.182959590000000	2.07726119504070e-22	-6.38838228581966e-22
0.183459940000000	-3.20282269928551e-22	-4.50221428974999e-22
0.183960370000000	-6.67742965921050e-22	6.84081516748868e-24
0.184460400000000	4.64276079487776e-22	8.98057501798515e-22
0.184956870000000	6.08672192906460e-22	-1.51379697877000e-22
0.184973430000000	5.81422417845671e-22	-2.11125152528010e-22
0.184974090000000	5.80534927196417e-22	-2.13382209468194e-22
0.185474670000000	-2.31849994419453e-22	-8.48550803196313e-22
0.185975080000000	-4.53599756660057e-23	4.30093214550783e-22
0.186475210000000	3.39107914692092e-22	6.92310869729248e-22
0.186975970000000	1.61410933864773e-22	-6.67340879193802e-22
0.187476360000000	-2.68646087662903e-22	-7.98017111359554e-22
0.187977250000000	-1.17825236248171e-22	3.57043200716708e-23
0.188477360000000	3.49805017396617e-23	-1.87263920088599e-22
0.188978590000000	-8.59165687330258e-23	-1.02634039253261e-21
0.189479170000000	-2.30965929273908e-22	-1.07441634541245e-21
0.189974770000000	1.14217892413050e-22	-1.27815145818442e-22
0.190475050000000	5.75917205602157e-22	4.74202298022667e-22
0.190975490000000	-7.16758741554116e-22	-8.63386919023103e-22
0.191476100000000	-1.10660119537944e-22	-2.92295668047684e-22
0.191976550000000	4.33198626489520e-22	-3.53378300641403e-23
0.192476620000000	-1.50423211036669e-22	-2.57534962441006e-22
0.192977130000000	-1.94555232744365e-22	5.87963120647040e-22
0.193477420000000	-2.26259258010485e-22	-3.74670502522309e-22
0.193977470000000	5.03444760212307e-22	-8.52622084031425e-22
0.194477530000000	1.76271060625321e-22	5.57336041987449e-22
0.194975180000000	-4.84317560935862e-22	8.91590429502607e-23
0.195475530000000	-6.78095991847611e-23	-1.09072660423707e-21
0.195976400000000	1.83438737551186e-22	-2.45673937095378e-22
0.196476600000000	-2.51680624285396e-22	2.38605262736033e-22
0.196977380000000	-4.02736513218111e-22	-7.10626704261953e-22
0.197478180000000	-2.16797504722609e-23	-6.84609316545541e-22
0.197978530000000	2.55325561160276e-22	-3.33537245188485e-22
0.198480100000000	6.81025008169612e-23	-3.41063514342752e-22
0.198981340000000	-3.94897275526282e-22	-7.25269825200485e-22
0.199482260000000	-2.28481009901088e-22	-4.57631341189649e-22
0.199975840000000	5.47618079170491e-22	2.40308334382883e-22
0.200476510000000	2.79923691716909e-22	-4.70290230192498e-22
0.200976610000000	-3.04030111795038e-22	-4.97914312020464e-22
0.201477080000000	4.61362246216747e-22	3.46565595993473e-22
0.201977280000000	4.14701243501008e-22	-2.71846985922630e-22
0.202477450000000	2.72642289364211e-22	1.20986817373556e-22
0.202977890000000	-6.31079576107954e-23	-5.42912069026043e-22
0.203478670000000	5.71277890695490e-22	-5.53794340136841e-22
0.203978800000000	1.69141035073243e-22	-7.89456654440707e-23
0.204374620000000	-6.01994538013089e-22	-8.73782347305890e-23
0.204375760000000	-6.01497259875766e-22	-8.80835255273991e-23
0.204876900000000	2.74070533204960e-22	-5.92311306627779e-22
0.205377760000000	-8.88606125485925e-23	-2.78083904554945e-22
0.205878240000000	-3.64397047449647e-22	-4.49337499942184e-22
0.206378620000000	1.73665726857214e-22	-6.03480545503897e-22
0.206879860000000	-2.57114986612079e-22	2.60682611456226e-22
0.207379950000000	1.13126835453495e-22	-3.51399036820370e-22
0.207879970000000	4.73247778335364e-22	-5.19740114692972e-22
0.208381110000000	2.82437023001762e-22	-5.08114363442215e-23
0.208882040000000	3.59865854662421e-24	-2.66354827538095e-22
0.209374800000000	9.65018645520565e-23	-2.88016902800110e-22
0.209875170000000	1.53046774188281e-23	-9.44843336091712e-23
0.210375460000000	-7.16689557397840e-23	-7.61432287758777e-22
0.210875580000000	-1.84834897676967e-22	-7.09537449175682e-22
0.211376270000000	1.09741475277378e-22	-2.17913246698014e-22
0.211876650000000	4.68212505015086e-22	1.57675196835755e-22
0.212377600000000	-5.95283678095116e-23	-1.15651088812710e-21
0.212877810000000	2.98582728017168e-22	2.05773712021011e-22
0.213378440000000	3.33947813035135e-22	-5.06374032555871e-23
0.213879560000000	1.11081242602740e-23	-5.83086762180010e-22
0.214374810000000	1.74119889666867e-22	-8.26439779538521e-23
0.214876090000000	2.00955379707162e-22	-1.01431297261514e-22
0.215376740000000	1.24915267343035e-22	-5.17609888891068e-22
0.215877660000000	-1.88273059870050e-22	-5.38214047402544e-22
0.216378500000000	2.04051364218945e-22	1.53472236656545e-22
0.216879120000000	5.35908599146006e-22	-6.08367692525183e-22
0.217379430000000	2.15761145635905e-22	-4.53185316082156e-22
0.217880730000000	1.38126086985147e-22	-2.70733087950641e-22
0.218380760000000	2.19366729727871e-23	-1.99070607287878e-22
0.218882400000000	5.32926959049900e-22	-2.31216396142089e-22
0.219376990000000	1.28770352550954e-22	-5.34156014873168e-22
0.219878670000000	-6.95230076212339e-22	-2.96180526294937e-22
0.220380870000000	8.87449264502892e-23	-2.04505585362627e-22
0.220881690000000	4.94449001819272e-23	-4.24643785841182e-22
0.221383000000000	-3.23368525620907e-22	-2.69830404528077e-22
0.221883200000000	1.50552232941749e-22	-2.74992207594162e-22
0.222383700000000	5.98210166609271e-23	-3.60744497984215e-22
0.222884390000000	1.66994764173076e-23	-2.05277568156439e-22
0.223384430000000	-1.74046486015957e-22	-5.93661493058557e-22
0.223884460000000	1.07389729247908e-22	-3.53654240034801e-22
0.224377620000000	2.90727834120592e-22	-1.10082518685926e-22
0.224878590000000	-2.99431676078331e-22	-5.13426165977722e-22
0.225379690000000	-3.30222900208944e-23	-3.89517543016084e-22
0.225879800000000	7.83472448536621e-22	-1.92435163544755e-22
0.226381460000000	-5.19962749748614e-23	-4.00636549813213e-22
0.226882460000000	-2.48330860828997e-22	-2.58873851515180e-22
0.227382710000000	5.26384716878368e-22	-8.43270831594989e-23
0.227884100000000	2.63036635753536e-22	-2.53140297203696e-22
0.228384470000000	-4.69362712678236e-23	-3.91809289257786e-22
0.228643550000000	9.51904346008037e-23	-2.93041766737310e-22
0.228645660000000	9.71559315914142e-23	-2.92933177945651e-22
0.229146190000000	3.07242589359167e-22	-1.93119042512798e-22
0.229646360000000	-9.12919099872860e-24	-4.35785160496968e-22
0.230147630000000	-1.91337800028702e-22	-4.97262963994930e-22
0.230648020000000	2.80583423638465e-22	-1.32416264900401e-22
0.231148180000000	1.08492083564068e-22	-4.68123620161508e-22
0.231649660000000	5.41731129052888e-23	-5.23583627078048e-22
0.232151990000000	1.59405377601363e-23	-2.46256107446194e-22
0.232652300000000	1.87848961769866e-22	-1.91291618923824e-22
0.233154580000000	1.72129270155203e-22	-3.95197310113699e-22
0.233644180000000	-6.21565879609624e-23	-4.20784487620186e-22
0.234144990000000	2.32045643505950e-22	-1.08478760720408e-22
0.234645790000000	-6.70296084253242e-23	-5.43040031196295e-22
0.235147490000000	4.13612915277615e-23	-5.07815087197152e-22
0.235647940000000	6.93887013014440e-23	-1.00059190199620e-22
0.236150970000000	-5.81300136761513e-23	-4.55228484830002e-22
0.236652850000000	-2.68332895511570e-23	-5.33480714247904e-22
0.237153210000000	2.08857686204747e-22	-2.62077621105359e-22
0.237654880000000	-9.65920716435844e-23	-4.87308372437358e-22
0.238154880000000	-1.24297441938473e-22	-3.95409477452235e-22
0.238647360000000	1.68599095756529e-22	-3.25116653822222e-22
0.239147450000000	-1.35887152482750e-22	-4.54711457383687e-22
0.239649090000000	-1.63591323689302e-22	-2.73240566388097e-22
0.240150230000000	2.21115697291022e-22	-4.16252795752950e-22
0.240650390000000	-1.67178804788156e-22	-3.24285465231567e-22
0.241150940000000	1.83730070646210e-22	-3.50790120318076e-22
0.241651040000000	1.66289006704048e-22	-3.78819575023490e-22
0.242152010000000	3.87004983036703e-23	-4.86373141868387e-22
0.242652180000000	3.59056567258206e-22	-3.15686225906960e-22
0.243152500000000	3.84413947586821e-23	-1.90089114805276e-22
0.243646170000000	-1.35270633112243e-22	-3.55132732158436e-22
0.244146780000000	3.60523224055875e-22	-3.77287817451450e-22
0.244647260000000	-4.96704486981501e-23	-2.47798203104168e-22
0.245147330000000	8.57894588877265e-23	-3.18711704024517e-22
0.245648290000000	3.65498815184755e-22	-2.27137334195903e-22
0.246148570000000	-2.12393227333925e-22	-2.17199821545187e-22
0.246648910000000	2.58284100981606e-22	-2.69976336819490e-22
0.247150050000000	1.65339743560753e-22	-4.19363094786856e-22
0.247650790000000	-2.78606509382417e-22	-2.36437612414891e-22
0.248151670000000	4.12970090501613e-22	-1.70916901104498e-22
0.248647040000000	2.78766195541136e-23	-3.04002552207958e-22
0.249147150000000	2.94642108921457e-22	-8.85761337017663e-23
0.249647720000000	-3.53179170957949e-22	-4.23300307823533e-22
0.250148050000000	3.63660943323351e-22	-1.93010748632055e-22
0.250648800000000	6.52630725976443e-23	-5.45408240384557e-22
0.251149550000000	-8.50847157826164e-25	-3.12298240699619e-22
0.251649930000000	2.64745479228302e-22	-2.62540676613384e-22
0.252150000000000	-1.96827035230318e-22	-8.57855783786051e-22
0.252650160000000	8.04369683682378e-23	-1.82620187999761e-22
0.253150950000000	3.38406804500566e-22	-1.08499514670979e-22
0.253647790000000	-2.79871220259430e-22	-7.20757279857292e-22
0.254147850000000	2.40831681348813e-22	-3.65768503114903e-22
0.254648210000000	3.14939712397585e-22	-1.61320030005698e-22
0.255149020000000	-1.68090410076105e-22	-4.44776223000812e-22
0.255649810000000	1.10025409673284e-22	-5.86118819079525e-23
0.256150490000000	2.51819669920819e-22	-3.25425156565922e-22
0.256651700000000	-6.03719718256254e-23	-3.52671992239896e-22
0.257151900000000	5.66308648253239e-23	-2.53225581551483e-23
0.257652160000000	1.58306730736711e-22	-3.19895761627348e-22
0.258152990000000	-2.30610500046093e-22	-3.15217920336486e-22
0.258153950000000	-2.30686512524332e-22	-3.14774669230701e-22
0.258154920000000	-2.30754147588108e-22	-3.14331518589073e-22
0.258655360000000	1.39575732932325e-22	-2.13659179429406e-22
0.259155470000000	-3.82186397942069e-23	-3.43881997405520e-22
0.259655730000000	-5.62701109971361e-23	-6.60850534861815e-22
0.260156890000000	-1.03472540986461e-22	2.03315402686938e-22
0.260657660000000	-2.07233245585801e-22	-6.13025933582901e-22
0.261157880000000	3.13407177038516e-23	2.76489224012216e-23
0.261658110000000	-1.29540283931476e-22	-2.59815197434671e-22
0.262158330000000	-5.86031382854290e-23	-1.32053974942830e-22
0.262658600000000	5.41346221696655e-23	-1.61588100786981e-22
0.263153970000000	3.33786072222346e-23	-2.86887662978964e-22
0.263654760000000	-2.15151801350744e-22	-1.58209011518790e-22
0.264155350000000	1.76237022720441e-22	-3.22891327352062e-22
0.264656180000000	-2.88871107405280e-23	-2.39763666330007e-22
0.265156330000000	9.46728367773339e-23	-3.59555938938950e-22
0.265656980000000	-1.88555095169292e-22	-1.26986047530429e-23
0.266157540000000	-5.84367955660490e-23	-2.99038647329197e-22
0.266658420000000	-2.15264755472106e-22	-3.64492212933488e-22
0.267158760000000	-3.31290724021772e-22	-6.78240433380552e-23
0.267659080000000	-9.24379370451528e-23	-3.19161644098757e-22
0.268154020000000	2.92162199793419e-22	-2.20356081310979e-22
0.268654510000000	-6.14439580953729e-22	-4.83432027717299e-22
0.269155590000000	2.74757464987094e-22	-1.09432492898343e-22
0.269656140000000	-3.55962238784639e-23	-5.89760045262119e-22
0.270156250000000	-2.99956137872336e-22	-2.46093122174158e-22
0.270656290000000	2.31395186694721e-22	-2.11723918909568e-22
0.271156320000000	-1.36242850695246e-22	-3.72498960025241e-22
0.271657330000000	-2.79272353413713e-22	-2.71953633487495e-22
0.272158570000000	5.62912052295325e-23	-2.30094143441091e-22
0.272658850000000	-2.05337597111221e-22	-1.33766973096644e-22
0.273154630000000	-1.29699065912773e-23	-2.36050313363542e-22
0.273654670000000	1.19072323767407e-23	-5.55400136552532e-22
0.274155160000000	-4.88269483869736e-23	2.46194772457358e-22
0.274655950000000	-2.01951540167558e-22	-6.13775814261958e-22
0.275156160000000	3.38278187692897e-22	-3.45543120405245e-22
0.275656620000000	-5.55497032612514e-22	-1.14547181515115e-22
0.276045780000000	2.56078737711871e-22	-2.51955490980849e-22
0.276046930000000	2.55475152291508e-22	-2.53580472809935e-22
0.276547970000000	-1.64247493994419e-22	-4.35670436910114e-22
0.277048180000000	4.06092071187879e-23	-3.80395760438812e-22
0.277548660000000	-2.43930417282213e-22	1.32863327162631e-22
0.278048680000000	2.74685633114138e-23	-6.38968559761879e-22
0.278548820000000	-1.37791343651538e-22	-1.72650766636159e-23
0.279049410000000	9.09189449027347e-23	-3.09392298726161e-22
0.279549570000000	-3.18606702775532e-22	-2.92752604964410e-22
0.280050500000000	-7.14114758252200e-23	-2.10152277066810e-22
0.280551060000000	-1.00677663760040e-22	-3.94350348650241e-22
0.281045920000000	-2.06141916400786e-22	-2.68328578793556e-22
0.281546960000000	-1.37658124937278e-22	-4.72891500023375e-23
0.282047910000000	-7.66856561539532e-23	-2.27487976792707e-22
0.282548040000000	-2.58779846230325e-22	-3.82899233273066e-22
0.283048520000000	-1.93486517717233e-22	-1.02092455125957e-23
0.283549220000000	-2.38862512555267e-22	-2.79324050324942e-22
0.284049720000000	-8.01005625148533e-23	-2.51083831538424e-22
0.284550390000000	-1.00249219774829e-22	-5.80702277798156e-24
0.285051470000000	-1.08972094829336e-22	-1.37680765021396e-22
0.285552000000000	-1.00126086365718e-22	-3.43625956396961e-22
0.286046550000000	-1.50394611159438e-22	1.91752428571801e-22
0.286546730000000	-3.13424871693437e-23	-5.49980616994996e-22
0.287047070000000	-1.51340409909672e-22	-9.84794658533139e-23
0.287547480000000	-2.48935097645997e-22	-2.93349154652935e-22
0.288047560000000	-2.12193614774358e-22	-5.81476389783961e-22
0.288547740000000	-7.40312148572697e-23	-1.79198890822101e-23
0.289048580000000	-3.09431570489593e-22	-3.74467649183451e-22
0.289549170000000	8.42394881360785e-24	-2.62055998625938e-22
0.290049320000000	-1.28655577111631e-22	-3.63693451580405e-22
0.290549750000000	-1.02668850408079e-22	-3.35175860976044e-22
0.291046940000000	1.00641036472508e-22	-4.85742842704340e-23
0.291547020000000	-2.54265729109177e-22	-3.69191858187411e-22
0.292047460000000	-1.48722680160782e-22	-5.40988410496062e-22
0.292539550000000	1.33436796021054e-22	3.60534362614294e-23
0.292540230000000	1.33177326268007e-22	3.53789425902090e-23
0.293040660000000	-3.24184236249675e-22	-3.78164513064890e-22
0.293540700000000	-2.63548824716372e-23	-5.29555135608876e-22
0.294041080000000	-8.57379499416966e-23	2.33976350730886e-22
0.294541230000000	-1.78604058746600e-22	-9.88910843606089e-22
0.295041340000000	5.99490468875446e-23	2.80497124926760e-22
0.295542270000000	6.78437796839292e-23	-4.16057558245423e-22
0.296042330000000	-4.54680216271335e-22	-7.63912919580597e-22
0.296543170000000	3.31572153295286e-22	4.29704217331086e-22
0.297044060000000	-3.66791361115087e-22	-8.06050112004332e-22
0.297540110000000	2.52005369814896e-22	4.52445034591356e-22
0.298041410000000	-3.05602129568193e-22	-2.66054436464956e-22
0.298542050000000	-3.77023933757010e-23	-4.03753515130118e-22
0.299042270000000	1.64680711647524e-22	3.54557523001534e-23
0.299543270000000	-8.11447480835424e-23	-6.95788582392782e-22
0.300045560000000	7.43593988535964e-23	2.04246167462047e-22
0.300545840000000	1.39975998341612e-23	-5.36798500935052e-22
0.301046350000000	-3.65092596463912e-22	-1.48360095292295e-22
0.301547260000000	8.44668612110415e-24	-1.09672900387609e-22
0.302047390000000	-8.32464323422425e-23	-6.02375783288726e-22
0.302540500000000	-1.71930062693047e-22	-4.96112072527350e-23
0.303040620000000	-1.56769648564298e-22	-4.44736993367511e-22
0.303540870000000	1.14306667080132e-22	-3.67636676262665e-22
0.304041240000000	-3.65693427221879e-22	-1.19957062995044e-22
0.304542230000000	3.49498446157373e-22	-5.02226411923812e-22
0.305042450000000	-4.73853920730586e-22	-3.30894872553877e-22
0.305543000000000	1.76155776383649e-22	-3.47886683467009e-22
0.306043090000000	-1.52408454095491e-22	-3.55582286579940e-22
0.306543410000000	-2.42750990752987e-22	-3.60259547771309e-22
0.307043980000000	2.50457952797328e-22	-2.97013510277319e-22
0.307541240000000	-3.96093693461324e-22	-3.86238412344304e-22
0.308041940000000	1.42300184784003e-22	-2.83738594502415e-22
0.308542410000000	1.45052063350810e-23	-1.77966458106813e-22
0.309043260000000	-2.14564380937479e-22	-6.73916047682917e-22
0.309543410000000	2.35240063447877e-22	2.57287020139892e-22
0.310043970000000	-3.31107085263323e-22	-7.00433374216449e-22
0.310544220000000	1.99611979468217e-22	1.15790613435312e-23
0.310571900000000	2.08066252253638e-22	6.55998867892193e-24
0.310572950000000	2.08293440604181e-22	6.33679620924261e-24
0.311074050000000	-9.74832729851255e-23	-2.97095453381658e-22
0.311575110000000	-4.63452211817536e-23	-2.74682505762124e-22
0.312075800000000	1.54721660777649e-22	1.43719445184561e-22
0.312576340000000	-9.38049431204441e-23	-5.59284382292500e-22
0.313076700000000	1.71950129598409e-22	4.25206381885089e-23
0.313577460000000	-3.32103070721637e-24	-4.15910663442560e-22
0.314078430000000	-3.42185232315167e-23	-2.08793560904942e-22
0.314578540000000	-9.60635556346878e-23	-3.75107343366659e-22
0.315078750000000	4.09966293197504e-23	-2.85197395651087e-22
0.315571910000000	4.62776055626540e-23	-8.36019814788911e-23
0.316072250000000	-2.70127995567909e-22	-5.72401361929501e-22
0.316572500000000	1.79361594146339e-22	-4.61056660174407e-23
0.317072650000000	-1.59902986298174e-22	-3.52688555862845e-22
0.317573960000000	1.50317043107140e-22	-4.66469720858820e-22
0.318074030000000	-1.49707928917309e-22	-2.09786726885274e-23
0.318574830000000	2.23476848061990e-23	-5.88014587462939e-22
0.319075510000000	1.41468425816193e-22	-1.22903965177944e-22
0.319575940000000	-1.98203877070753e-22	-2.86277845540027e-22
0.320076120000000	1.13679569806023e-23	-4.15781336904227e-22
0.320572750000000	-1.42759075890641e-22	-2.29015456536084e-22
0.321073170000000	-2.08906861789688e-22	-5.07044371548042e-22
0.321573180000000	1.09372638945642e-22	-3.32449779012383e-22
0.322074710000000	-2.03008316163787e-22	-3.25343683374580e-22
0.322576010000000	2.00307761818591e-22	-2.61305680441677e-22
0.323076050000000	-1.82577727309507e-22	-3.45565656784425e-22
0.323576730000000	9.46133133841206e-23	-2.44085929317207e-22
0.324076900000000	-9.81130957546171e-23	-2.39209992151484e-22
0.324577250000000	8.38712254222766e-23	-4.12656613161703e-22
0.325077650000000	9.22460278179566e-23	-1.54775898459841e-22
0.325572990000000	-2.69834312907900e-22	-2.21389753791652e-22
0.326074250000000	2.05661208367970e-22	-2.70463934749076e-22
0.326577760000000	-1.10263778712377e-22	-2.22569711808682e-22
0.327079290000000	1.20823229316572e-22	-2.47018640127598e-22
0.327579550000000	-5.81581436403857e-23	-2.15587297271690e-22
0.328079570000000	-1.83298181712614e-22	-1.79575167983087e-22
0.328579650000000	2.16169691236277e-22	-3.80442246176943e-22
0.329080180000000	-1.81893018701966e-22	-3.36954961305030e-22
0.329335620000000	-3.33628077750416e-22	-2.71129033401135e-22
0.318754560000000	-1.86626659730638e-23	-3.80343091293796e-22
0.319254720000000	1.73570447946097e-22	-2.19923495609836e-22
0.319754750000000	-1.02336294600491e-22	-3.09369104468785e-22
0.320254820000000	-4.39230724629948e-23	7.83637738002732e-23
0.320754830000000	1.83196748561627e-23	-1.43578698140011e-22
0.321254930000000	-1.28738680414956e-22	-1.71727290373672e-22
0.321755050000000	3.14355668876340e-22	-1.45221154251027e-22
0.322097390000000	-4.21732655380081e-24	-3.76612915442039e-22
0.322097510000000	-4.29283022969146e-24	-3.76573394138602e-22
0.322597960000000	1.55535825554695e-22	4.84266570514519e-23
0.323098040000000	-2.87783825953597e-22	-5.92857996926932e-22
0.323598270000000	3.38943616904444e-22	5.67393239858111e-23
0.324098490000000	1.39187354701472e-22	-4.39350814947306e-22
0.324598780000000	-1.41407191291515e-23	-2.28552731587547e-22
0.325098980000000	5.22692425736507e-23	-5.67128192723906e-22
0.325599380000000	-1.17133222924110e-22	1.44002151325116e-22
0.326099520000000	-1.36815707046384e-22	-5.93294568786601e-22
0.326599530000000	-2.98018304173742e-22	6.91147938766607e-23
0.327099880000000	1.21345056357015e-22	-2.50422333392155e-22
0.327600030000000	-1.68600800406435e-22	-2.12785909319675e-22
0.328100230000000	-1.62972769109401e-22	-3.42104125331885e-22
0.328324270000000	-1.60640798315156e-22	-1.55525004592647e-22
0.328324530000000	-1.60535291504602e-22	-1.55275331715392e-22
0.328824650000000	-1.02180351541851e-22	7.50868922293199e-23
0.329324840000000	-9.08219807863879e-23	-2.67474020943443e-22
0.329825080000000	-9.45212201590462e-23	-3.02232483930853e-24
0.330325730000000	5.24874215577689e-23	-3.61870665546595e-22
0.330826150000000	3.88409604837209e-22	-1.32555268405693e-22
0.331326210000000	9.98324004649295e-23	-6.60733857085049e-22
0.331826240000000	8.03103900107421e-23	-2.15213797458556e-22
0.332326590000000	-3.68162907522163e-22	-7.67471642004035e-22
0.332826980000000	-2.44998743415831e-22	-3.65487569680620e-22
0.333324660000000	-3.32422514336219e-22	-6.75869521382363e-22
0.333824940000000	-3.11398444811402e-22	1.01368364568488e-22
0.334325310000000	-5.87883504422231e-22	-6.84522742367597e-22
0.334725490000000	-4.54313551261723e-22	1.55074763125934e-22
0.334993080000000	-1.83434787041232e-22	-5.01835437828748e-22
0.335493190000000	-2.80757372466838e-22	-4.77118902159988e-23
0.335634220000000	-2.21697498192999e-22	-2.98892407163751e-23
0.336134360000000	-3.00424919837366e-22	-8.87533330317666e-23
0.336634600000000	-4.60593850965609e-22	3.69893376717128e-22
0.337135090000000	4.41890529416356e-23	-4.48547482211625e-22
0.337635300000000	-2.14472148358895e-22	1.43566143361043e-22
0.338135700000000	-3.43600052848098e-22	-4.70000566098808e-22
0.338636090000000	-1.71519990685629e-22	1.01468151403596e-22
0.339136610000000	-1.09387400695307e-22	-3.50342247861023e-22
0.339636980000000	-3.39465064773710e-22	1.01594541795893e-23
0.340137420000000	-8.99106444831201e-23	-3.55406740047377e-22
0.340634460000000	-4.40134114542398e-22	3.27992887571931e-23
0.341134770000000	-5.64659785121567e-22	-2.18231131497758e-22
0.341634880000000	-3.49685792367329e-22	-1.28265247931646e-23
0.342135260000000	-3.50280180456067e-22	1.19323007767800e-22
0.342635280000000	-5.35065818287832e-22	2.17228709851775e-22
0.343135770000000	-6.66951275948378e-23	-2.21474759432420e-23
0.343636350000000	-2.32935127234467e-22	3.67848736655485e-22
0.344136620000000	-6.84798053049813e-23	-2.34741281588963e-22
0.344636870000000	-2.88294300544188e-22	2.02339798489577e-22
0.345137050000000	-6.70318218775791e-23	-2.60356002478634e-22
0.345637380000000	-6.11312533572455e-22	-1.43116825516427e-22
0.346137510000000	8.88570509321531e-23	-1.01790654313828e-22
0.346637860000000	-6.54871750781481e-22	1.27323714046957e-22
0.347138120000000	-3.97814796804142e-23	-7.80051329601823e-23
0.347638280000000	-4.85287526177259e-22	7.53335835896286e-23
0.348138830000000	-7.63200930092995e-23	1.01489391471060e-22
0.348318000000000	-2.65898331367352e-22	4.95902977447580e-23
0.348318510000000	-2.66436226191513e-22	4.97074130267280e-23
0.348818710000000	-2.74675097340668e-22	3.73135867138260e-22
0.349318800000000	-6.06742295876347e-23	1.42526524050373e-23
0.349819250000000	-3.16237615336083e-22	7.90508222504618e-23
0.350319470000000	-3.46755145933346e-22	-6.73030815856827e-23
0.350819810000000	-2.65174140345725e-23	2.26593106889010e-22
0.351320300000000	-9.90505300535046e-23	1.24976923169021e-22
0.351820370000000	-3.32238042697493e-22	1.59889550027240e-22
0.352320780000000	-3.12005877036781e-22	-2.32938011528035e-23
0.352821040000000	1.64619959998960e-22	4.12154434966093e-23
0.353318290000000	-3.02816284393652e-22	-2.70160114931449e-22
0.353818320000000	-9.72993360749819e-23	-2.09083993063323e-22
0.354318540000000	1.09392676683990e-22	-1.01655734190440e-22
0.354818700000000	-1.02775416953461e-23	1.75358415047220e-22
0.355318770000000	-5.30096290657003e-22	-3.59938999050989e-22
0.355351260000000	-5.32795409336974e-22	-3.21201098913537e-22
0.355351530000000	-5.32755272285471e-22	-3.20889967897832e-22
0.355851840000000	-2.20679135153690e-22	4.09965061701373e-23
0.356352080000000	-3.68803586902275e-22	-1.69563791490801e-22
0.356852160000000	-2.37717613288593e-22	1.71714265681707e-22
0.357352370000000	-4.82247461312119e-22	4.04660230082119e-24
0.357852680000000	-1.08471595357398e-22	1.67701166557182e-22
0.358352990000000	-1.93168282913325e-22	1.01571827173851e-22
0.358853780000000	-1.43002451933736e-22	1.48733504363609e-22
0.359353800000000	-8.30406785059209e-23	9.30082720700033e-23
0.359853880000000	-3.09351477870228e-22	3.13480590411765e-22
0.360351530000000	4.19315682185848e-23	-2.37873397549047e-22
0.360851800000000	-1.68223145914251e-22	2.03187994689944e-22
0.361352120000000	-1.48380495997924e-22	-1.11511478738898e-22
0.361852330000000	4.55682281431596e-23	2.66910890170954e-22
0.362352630000000	5.66790552133612e-23	-2.16521973667402e-24
0.362852870000000	-9.89548654896529e-23	3.20828075494958e-22
0.363352950000000	4.65520704014751e-23	8.44500383257488e-23
0.363853100000000	4.95672655263464e-24	2.43472407667542e-22
0.364353340000000	5.22018311236463e-23	-7.27061088174145e-23
0.364853480000000	2.66045495154896e-22	2.65541495641326e-22
0.365018550000000	2.58309975363454e-22	1.12663763741574e-22
0.365018960000000	2.57913611852432e-22	1.12331049135800e-22
0.365519480000000	1.58306429344238e-23	-2.38305130925237e-23
0.366020450000000	1.72519972024807e-22	1.31327424633879e-22
0.366520500000000	4.22346037676236e-23	-8.45477316174358e-23
0.367020940000000	1.58640274981983e-22	-1.90281717559240e-22
0.367521070000000	-1.52668759969596e-22	-2.27948345694700e-22
0.368021180000000	1.04989442826238e-22	-2.63030267622232e-23
0.368521450000000	-1.58630899407498e-22	-2.28596093214443e-22
0.369021840000000	-4.20251424797946e-23	-1.38930830816799e-22
0.369522200000000	-1.19562883769263e-22	-2.10656526120386e-22
0.370018570000000	-1.83647080770160e-22	8.75394861857050e-23
0.370518970000000	-4.87000485441723e-22	-6.86336742648754e-23
0.371019120000000	-1.60771408202088e-22	3.89203278166807e-22
0.371519240000000	-2.90151445320028e-22	1.57830867668934e-22
0.372019490000000	9.90169653024015e-23	1.22401647628825e-22
0.372519530000000	-8.16839813495500e-23	2.23073656229004e-22
0.373019630000000	1.98345547737401e-22	2.02664291238293e-22
0.373519980000000	-4.97062301422873e-23	6.15586965898118e-23
0.374020400000000	1.89989165931203e-22	6.99288030963012e-23
0.374520730000000	3.99545859061717e-23	1.69045795051478e-22
0.375018720000000	1.85750641440069e-22	-1.82141579991925e-22
0.375519160000000	-1.56763591547806e-22	-3.99986345782769e-23
0.376019740000000	-1.69631494610941e-23	-5.80126391318382e-24
0.376520280000000	-1.69774403255278e-22	1.25041764681048e-22
0.377020570000000	-9.15550158946968e-23	-1.02500106271246e-22
0.377230470000000	-3.17636173638539e-22	-4.74854537262505e-24
0.377231180000000	-3.18020931918925e-22	-3.78288064534530e-24
0.377731520000000	-5.25765818775862e-23	2.06897167051125e-22
0.378232070000000	-2.80392506089731e-22	1.33760682744043e-22
0.378732510000000	7.03172493835192e-23	2.61417471123275e-22
0.379232720000000	1.00170381337049e-23	2.65146535387736e-22
0.379732730000000	5.13610303816181e-23	1.76092522853474e-22
0.380233720000000	-2.16127311565506e-23	1.27759803030512e-22
0.380733820000000	5.88240719319434e-23	2.45134950128596e-22
0.381234470000000	-4.54534948339676e-23	1.40631945032958e-22
0.381734670000000	1.63992901614202e-22	1.35678323146883e-22
0.382230690000000	-1.34615522541954e-23	2.53316559948481e-22
0.382730920000000	1.42737628413302e-23	9.49372422372400e-23
0.383231270000000	7.49875461401952e-23	2.42634416681158e-22
0.383731350000000	5.95013235063393e-24	1.60517784814879e-22
0.384231670000000	-1.30716411347385e-23	2.14467977475949e-22
0.384732320000000	1.24947247353065e-22	1.70459798908028e-22
0.385232720000000	-9.77724574434803e-23	1.82737633841218e-22
0.385732870000000	-4.59881942497489e-23	1.38922566829610e-22
0.385816670000000	-5.64136775196683e-23	1.71242819796101e-22
0.385817170000000	-5.63593199286427e-23	1.71534814010100e-22
0.386317680000000	2.11845918045928e-22	3.30549972617974e-22
0.386818110000000	1.86603083061305e-22	3.43606404775506e-22
0.387319280000000	7.21030613664141e-23	3.08050859158686e-22
0.387820220000000	2.26048704580035e-22	2.15486700241759e-22
0.388321240000000	1.58763256074467e-22	2.41202329276172e-22
0.388822200000000	2.62069697399996e-22	1.56546206554614e-22
0.389322690000000	4.02062369551053e-22	2.31076634294443e-22
0.389823580000000	2.54037380559648e-22	1.61751844401371e-22
0.390323820000000	2.23358083223362e-22	3.56256115891406e-22
0.390816710000000	2.51389900456878e-22	-1.39235366846649e-22
0.391317510000000	4.09491305140134e-22	2.44407968796000e-22
0.391818180000000	-9.81130050127970e-24	1.90340346497369e-22
0.392318940000000	4.00471218216972e-22	2.43257450018038e-22
0.392819730000000	3.24134185654325e-22	-1.71818923408087e-23
0.393320230000000	1.97072747875281e-22	1.33249864630847e-22
0.393820490000000	3.60586441937479e-23	3.89685204732635e-23
0.394320790000000	6.38658501444120e-22	1.01037889341203e-22
0.394821150000000	8.20827948897156e-23	2.37593990521809e-22
0.395321390000000	5.07144025511199e-22	-1.13505449216348e-22
0.395797580000000	1.27062711405305e-22	2.87521089495025e-22
0.395797730000000	1.27187293442758e-22	2.87686450258281e-22
0.396298010000000	4.01674882534505e-22	-2.30950308717732e-22
0.396798450000000	3.93168572556030e-22	1.94445778664636e-22
0.397298670000000	3.97721076707864e-22	-1.88656878324442e-22
0.397799570000000	3.00751927430810e-22	1.54073722051928e-22
0.398300120000000	3.25097225350380e-22	-3.05344840859607e-22
0.398800570000000	3.91742286145972e-22	2.32690759512909e-22
0.399300820000000	1.78667710892628e-22	-2.57131281250348e-22
0.399801010000000	4.30175005338496e-22	-2.21217629522019e-22
0.400301440000000	1.53865346425161e-22	-4.75612328683808e-23
0.400798050000000	3.29188038362271e-22	-1.58399812399469e-22
0.401298120000000	1.81516709133188e-22	-3.20339819687177e-23
0.401798610000000	2.16406452848842e-22	-2.03632260159647e-22
0.402298670000000	3.33075622104907e-22	-3.34972132626778e-24
0.402798920000000	1.79342528641778e-22	-1.23520542882479e-22
0.403299380000000	1.68398851244999e-22	5.41357758870926e-23
0.403516950000000	3.80465780716145e-22	1.66286002501646e-22
0.403517490000000	3.81205971465125e-22	1.66542513423203e-22
0.404017620000000	3.32587897784929e-22	-2.02354592647034e-22
0.404518180000000	2.86463072280328e-22	-2.27446151295194e-22
0.405018200000000	3.13892062435836e-22	-1.37202818132535e-22
0.405518980000000	3.77502963066153e-22	-2.25459096640749e-22
0.406019330000000	3.32121196400204e-22	-1.78065149558521e-22
0.406519890000000	1.58656018687772e-22	-3.43318704594066e-22
0.407020100000000	-2.88296484829429e-25	-2.70531676758568e-22
0.407520190000000	1.46839476278674e-22	-3.72324136186460e-22
0.408020460000000	2.34024926771658e-22	-1.25724574191926e-23
0.408517220000000	9.20903537439982e-23	-1.75505932079706e-22
0.409017300000000	6.50393259547064e-23	-5.36270448357593e-23
0.409517580000000	2.86920132346667e-22	-2.52514198089608e-22
0.410017970000000	1.58594712865950e-22	-1.45699908093931e-22
0.410518400000000	-1.01393483848762e-23	-3.28385929284182e-22
0.410548630000000	-3.89035136814921e-24	-3.03008472327867e-22
0.410549270000000	-3.66516905998604e-24	-3.02401247512362e-22
0.411049330000000	2.20454429240082e-22	-1.86607646078545e-22
0.411549920000000	-1.35328364354509e-23	-1.36510509897559e-22
0.412050210000000	2.25325203844396e-22	-1.74421395568082e-22
0.412550390000000	1.01008618622659e-22	-1.65503869587099e-22
0.413050540000000	6.00044739357358e-23	-2.29534289096464e-22
0.413551110000000	3.13947188091553e-23	-1.02431327212381e-22
0.414051350000000	1.51455807578618e-22	-2.74444606636028e-22
0.414552000000000	1.22271718305544e-23	-4.81137824964896e-23
0.415052520000000	1.32420711249586e-22	-1.07897663067536e-22
0.415548630000000	1.70042568019160e-22	-9.18094527175078e-23
0.416049030000000	1.52976151126000e-22	2.13961660805187e-23
0.416549370000000	1.54922504833347e-22	-1.45504641419391e-22
0.417049590000000	2.28753757126885e-22	-1.57173789945616e-22
0.417550240000000	5.36693791356203e-23	-5.56943476669754e-24
0.418050800000000	4.01778571267878e-22	-4.28847847885350e-22
0.418443070000000	1.64537978005269e-22	-2.79106995891237e-23
0.418443540000000	1.64992685265843e-22	-2.78641069052762e-23
0.418943660000000	7.18602330150187e-23	-3.85512562043681e-22
0.419444030000000	2.46946176302681e-22	-2.92012190601659e-22
0.419944250000000	-4.15216971394828e-23	-2.01790761866218e-22
0.420444260000000	-1.00744906689521e-23	-1.27363270998966e-22
0.420944520000000	1.45875409255584e-22	-3.48699357485582e-22
0.421444740000000	1.42872768909681e-23	4.06644656464560e-23
0.421944810000000	1.23317323335562e-22	-1.43609035074941e-22
0.422444920000000	2.01642502695274e-22	-1.89791403856610e-22
0.422945160000000	-2.54427683813398e-23	-4.43407116900541e-23
0.423443260000000	9.86432775240687e-23	-2.22946993611247e-22
0.423943630000000	2.39588148964458e-22	-2.42074157239119e-22
0.424443630000000	-8.53874693838570e-24	-1.37360106114580e-23
0.424944140000000	-6.13855061037928e-23	-3.35616448161253e-22
0.425256970000000	6.91420261450317e-23	-2.38979559780872e-22
0.425257030000000	6.92025379759284e-23	-2.38927597125741e-22
0.425757210000000	-5.25535820669674e-23	-2.43109657519312e-22
0.426257380000000	1.75973375602889e-22	-8.44663686125895e-23
0.426757680000000	-2.81798485776760e-22	5.58449466805662e-24
0.427258000000000	-1.64584748931977e-22	-1.39881989815978e-22
0.427758240000000	1.93670010640613e-22	-3.87267453751373e-23
0.428258380000000	-1.74287820368099e-22	-5.71010273623308e-23
0.428758770000000	1.54298534911252e-22	-2.60888958355157e-22
0.429258860000000	1.43428047273951e-22	2.67770944382742e-23
0.429758970000000	-2.16088033320515e-23	-6.37935865996551e-23
0.430257030000000	3.34258966736294e-23	-1.29487893493479e-22
0.430757280000000	2.17915716171833e-22	-1.33006520995545e-22
0.431257330000000	4.30936565786112e-23	9.34555190566530e-24
0.431318810000000	6.87758569746509e-23	8.02621510110154e-23
0.431319260000000	6.88988801972659e-23	8.08465121286316e-23
0.431819720000000	7.11891583659489e-23	-2.83835069261090e-22
0.432320300000000	3.87746116852456e-23	-5.63481003507419e-23
0.432820470000000	1.15547814250930e-23	-5.50509816808322e-23
0.433320590000000	1.14988734452552e-22	-1.32728202870148e-22
0.433820670000000	4.07239339464214e-23	6.66228809021332e-23
0.434321040000000	1.99175767335048e-23	-6.29265647123942e-23
0.434821120000000	1.84049170738187e-23	-1.23761543434355e-22
0.435321480000000	-3.06511641312721e-23	-1.06638166604400e-24
0.435821930000000	1.37118311571778e-22	-1.56775929194562e-22
0.436318970000000	3.20557826909993e-22	-1.84756324983089e-22
0.436819100000000	-8.11268946304356e-23	6.85036963299047e-23
0.437319150000000	4.49034730137047e-23	-2.15221977185483e-22
0.437819550000000	2.59560245327953e-22	7.42360094229216e-23
0.438319790000000	-8.94732008538216e-23	-3.41356305788456e-22
0.438359490000000	-1.05877254312642e-22	-2.61308606865376e-22
0.438359600000000	-1.05870075986515e-22	-2.61081178697165e-22
0.438859980000000	3.38892033420491e-22	-3.91543302297586e-22
0.439359990000000	1.04818851445209e-22	1.40098908136952e-22
0.439860100000000	-1.13684832831589e-22	-2.16521043563746e-22
0.440361110000000	-1.08080656910907e-22	-2.05071937469730e-22
0.440861350000000	1.01215785438751e-22	-2.36883219567220e-22
0.441361440000000	-8.63877683194054e-23	1.21476463475653e-22
0.441861450000000	-5.37031934267286e-23	-4.79279905642806e-22
0.442361740000000	4.33034221756155e-22	5.60449189666350e-23
0.442861840000000	-1.14353765325549e-22	1.24680592792332e-22
0.443018100000000	2.62804579752500e-23	1.08513031961396e-22
0.443518190000000	1.44316341636470e-22	-2.58845601642112e-22
0.444018490000000	2.31097744730736e-22	-1.09200235968991e-22
0.444518510000000	2.55943104617039e-22	-1.35794945830401e-22
0.445018840000000	2.92719613831241e-22	-1.07330202613916e-22
0.445519020000000	1.42829290614731e-22	-4.41004072575695e-22
0.446019310000000	5.11341051823530e-22	-2.54308766658143e-22
0.446519430000000	8.59037352470387e-23	-3.86982530917784e-22
0.447019500000000	1.36719517476288e-22	-4.07070747644007e-22
0.447043230000000	9.31893214457998e-23	-4.30217388250046e-22
0.447043240000000	9.31704536287754e-23	-4.30227891615724e-22
0.447543260000000	2.64015989532536e-22	-1.72832937321589e-22
0.447736220000000	1.70789940335046e-22	-2.74115994856835e-22
0.447736330000000	1.70696427648643e-22	-2.74154586056617e-22
0.448236360000000	5.55211993110871e-23	-5.08455452221673e-22
0.448736770000000	1.74541728943886e-22	-1.24022675707178e-22
0.449237190000000	-1.25314281811516e-22	-6.03801615989683e-22
0.449737650000000	3.62159979636121e-22	-3.27738710011464e-22
0.449885970000000	1.03517526243781e-22	-4.39912231347551e-22
0.450386040000000	1.61362756439853e-22	-1.63457356355026e-23
0.450886520000000	-2.28524523844610e-23	-2.43050856819880e-22
0.451386800000000	9.26344060488095e-23	-2.69464689066797e-22
0.451596650000000	1.53631258455510e-22	-1.95811089812359e-22
0.452096780000000	-9.10138349203361e-23	-3.06078870887158e-22
0.452596790000000	3.72881145126871e-22	-1.68345313571134e-22
0.453097020000000	-9.87959506364049e-23	-8.82288712377614e-23
0.453162070000000	1.14385612463628e-22	-4.23586316318184e-23
0.453162440000000	1.15683570495374e-22	-4.22200785948473e-23
0.453662890000000	-8.13027846856030e-23	-3.84810816659413e-22
0.454162990000000	2.28658361547715e-22	-1.55381616312976e-22
0.454663270000000	-1.54364377824080e-23	-2.40482937848672e-22
0.454692410000000	-1.58650729735972e-24	-2.10275903074373e-22
0.455192680000000	7.00447160491547e-23	-3.17417946042731e-22
0.455692830000000	1.13771750532138e-22	-1.92979650113991e-22
0.456192980000000	1.38049523574429e-22	-2.50778320034008e-22
0.456692990000000	1.52028524576247e-22	-1.49833758654789e-22
0.457193360000000	-3.40812405800272e-23	-3.18639431405579e-22
0.457693470000000	2.01967206094644e-22	-2.37938657121603e-22
0.458193540000000	8.48082189751806e-23	-2.82451898178701e-22
0.458310800000000	-2.21814717179906e-23	-2.56281458178777e-22
0.458310870000000	-2.22488377970849e-23	-2.56253820812995e-22
0.458811160000000	3.94675732613261e-22	-1.31008052316441e-22
0.459311320000000	-6.73812167743566e-23	-1.96096664042585e-22
0.459811600000000	1.07887989341357e-22	-2.50486860548592e-22
0.460311760000000	2.70540520845249e-22	2.25614854974969e-23
0.460810890000000	1.54452361741015e-22	-2.46042776667893e-22
0.461311150000000	3.22511935802180e-22	-4.63706415304238e-22
