0.0114105900000000	-1.83389218443640e-25	2.63575496329926e-24
0.0119146000000000	2.15291449771115e-25	2.20473455855292e-24
0.0124156900000000	5.38296680792872e-25	4.51119393822918e-24
0.0129175400000000	3.25335351331026e-25	1.99127512131425e-23
0.0134184000000000	-1.41256170976616e-24	-5.72374641704258e-23
0.0139226800000000	2.58740577707672e-25	4.75581087571455e-23
0.0144233300000000	1.32708291522192e-24	3.12532717562785e-23
0.0149245800000000	-3.33921147903139e-24	-4.94843761144546e-23
0.0154263100000000	-2.21504995903193e-24	-2.35453245150331e-23
0.0159270100000000	-3.22143507808634e-24	-2.93772883304279e-23
0.0164133800000000	-4.53823175984286e-24	-7.12419895499290e-23
0.0169147400000000	-2.56306104305275e-24	-1.79363781672359e-23
0.0174158600000000	4.56974509765558e-24	9.19126067222979e-23
0.0179163700000000	1.46788181224077e-24	8.46565018927349e-23
0.0184166500000000	-7.85888977744092e-27	6.89835228707534e-23
0.0189170400000000	-2.17832609627729e-23	-1.43918834130358e-22
0.0194191300000000	-1.39257193495164e-23	-8.26492733872114e-23
0.0199209600000000	1.44852787832288e-24	2.21349017195981e-23
0.0204215900000000	-2.65488722791373e-23	-1.93519226902603e-22
0.0209243000000000	-1.39942877577272e-23	-4.60774906822964e-23
0.0214149000000000	2.48877298347366e-23	2.89951356365905e-22
0.0219165200000000	-8.36915047659888e-25	5.29935373002154e-23
0.0224184300000000	-2.33839661142006e-23	-1.23958226329445e-22
0.0229188300000000	-3.18804532906491e-24	-1.66492864684485e-23
0.0234202300000000	-4.06688601431728e-23	-2.43017308272674e-22
0.0239211100000000	-7.58534207915876e-24	-8.45461533579218e-23
0.0244235600000000	1.96743886556083e-23	2.61425692980332e-22
0.0249238900000000	-3.02274808508376e-23	-1.16585437241557e-22
0.0254250300000000	-1.42113810807834e-23	-1.07012074755725e-22
0.0259278300000000	-1.26488587909465e-23	-1.92475132075734e-23
0.0264158700000000	4.35633654065176e-24	1.18380475723090e-22
0.0269168800000000	-1.30022949394982e-23	7.91335431418305e-23
0.0274178900000000	-2.66550888203561e-23	-8.29262239037477e-23
0.0279189100000000	2.48818510611051e-23	2.97095809867380e-22
0.0284199200000000	-3.31074836268611e-23	-2.66460794539308e-23
0.0289209300000000	-3.90888668121853e-23	-1.67636380138402e-22
0.0294219400000000	-1.59868906263164e-23	-2.91056300064716e-23
0.0299231700000000	-1.32577590893440e-23	4.89209536718289e-23
0.0304235100000000	-2.97275258298207e-23	9.81329390462077e-23
0.0309259400000000	-2.02952830781569e-23	-3.78991216417009e-23
0.0314160500000000	-8.40686374927066e-23	1.12655221047366e-22
0.0319174400000000	3.53884996483342e-23	1.15564241761149e-22
0.0324176200000000	5.47086322382305e-23	1.27403103417216e-23
0.0329188500000000	-5.42992505168012e-23	-2.65704461468686e-23
0.0334196200000000	-5.16360818014907e-24	-6.96646050462697e-23
0.0339196800000000	-2.59302042719607e-23	1.77058437120759e-22
0.0344227500000000	-3.80730315807222e-23	-5.19215879753517e-23
0.0349246400000000	2.44932394941433e-23	7.70757779240639e-25
0.0354259400000000	-2.49350225269107e-23	1.37676211726494e-23
0.0359266200000000	3.64077895505201e-24	-7.48407096713597e-24
0.0364161500000000	1.26025415733386e-23	8.51863109725682e-23
0.0369161600000000	3.14914852379654e-23	5.81854342427839e-23
0.0374188300000000	3.51205714613403e-23	-7.62733285641496e-24
0.0379202500000000	8.11512523275767e-24	-1.66636755284946e-23
0.0384213600000000	2.55764213600250e-23	8.64740054563035e-24
0.0389220000000000	-5.25573057223712e-23	-7.13500889839151e-23
0.0394225500000000	3.51110273663323e-23	3.63596283294963e-23
0.0399235100000000	2.91303409485553e-23	4.82060183158528e-23
0.0404250300000000	-2.67036518980118e-23	-2.01123832173860e-23
0.0409270500000000	-5.74747021775465e-24	4.04557594602015e-23
0.0414190700000000	3.56432443451777e-23	2.62944613825606e-23
0.0419208700000000	3.69813523915431e-23	1.70982964390318e-23
0.0424218800000000	-3.98490337247073e-23	-3.51171297537347e-23
0.0429236200000000	-1.67753592643751e-23	-4.69253498416175e-24
0.0434250900000000	-2.63293062414831e-23	-6.43649554330990e-24
0.0439268400000000	-1.90518576395184e-23	5.32333970977814e-24
0.0444275300000000	-2.76123988186271e-23	-7.46106467495863e-24
0.0449279100000000	-4.55965719988270e-23	-2.50709440510986e-23
0.0454280500000000	-1.06196253940462e-23	4.67707743918382e-23
0.0459284600000000	2.02305323079493e-24	4.64668346653776e-23
0.0464196100000000	-4.65442017893598e-24	-1.50148480453946e-23
0.0469205700000000	-7.45148557953424e-23	4.52314982118461e-23
0.0474225400000000	1.41005269844011e-23	4.13769606956270e-23
0.0479227200000000	4.75243560408437e-23	-1.13908012338152e-23
0.0484244800000000	-6.72947819499219e-24	2.07815069173234e-23
0.0489250000000000	-8.65332793095115e-24	-4.84016868470250e-25
0.0494268200000000	1.09523756483919e-24	2.19828540776648e-25
0.0499291500000000	-1.96107170649042e-23	1.04421279123511e-23
0.0504296700000000	1.80945670859231e-24	1.65762230993630e-23
0.0509312900000000	2.20225568647425e-23	5.39789383733692e-24
0.0514210000000000	1.19712928609595e-23	6.97219635989175e-24
0.0519226300000000	1.91122463208020e-23	2.06508549002605e-23
0.0524244200000000	-1.67311096639540e-23	5.04771888498439e-23
0.0529294700000000	4.94832710087168e-23	-2.21181177236569e-23
0.0534323100000000	1.43202874688126e-23	-1.23473917790838e-23
0.0539330300000000	-1.36441215554788e-23	3.00237751870270e-23
0.0544341700000000	1.60940405119707e-23	1.14442416843018e-23
0.0549356800000000	-1.22684625994840e-23	1.57941031479328e-23
0.0554383900000000	1.08750733399955e-23	2.04143557908178e-23
0.0559385700000000	1.13836261484678e-23	-2.86165056698409e-23
0.0564235300000000	-1.20975827890985e-23	1.84253437056815e-23
0.0569266100000000	2.79511380331002e-23	1.38349775294058e-23
0.0574309200000000	3.93519014224518e-23	-4.13779458925311e-24
0.0579326000000000	6.80294342070964e-24	8.56847784758910e-24
0.0584333200000000	3.10063211336266e-23	-7.90937787799463e-24
0.0589351400000000	-6.69121755469839e-24	1.86295160417098e-23
0.0594354400000000	1.09589220225571e-24	2.27432899748679e-23
0.0599371700000000	-3.20201730081644e-23	1.88877478170690e-24
0.0604389000000000	5.96087683029090e-23	-1.44365893151809e-23
0.0609403900000000	2.67135816457553e-23	5.17166184076182e-23
0.0614266000000000	4.57251272316895e-25	4.05307543337437e-23
0.0619277800000000	1.44187391028534e-23	3.22273949175043e-23
0.0624292900000000	2.38550133839536e-23	4.56630663082924e-24
0.0629294100000000	-2.60830556271578e-24	9.12458585135798e-24
0.0634307400000000	-7.52680388284951e-24	-6.05247291982231e-24
0.0639320100000000	-1.97792213840704e-24	-2.06815418393543e-23
0.0644320400000000	-2.21904681212987e-23	7.35218745394300e-24
0.0649330100000000	1.82494439281763e-24	-3.88659692534213e-23
0.0654337000000000	-2.11809037977612e-23	1.40683622499511e-23
0.0659357500000000	-1.91959718537506e-23	2.30991988380176e-23
0.0664249700000000	-5.09120268925934e-24	-1.93206867631548e-23
0.0669253300000000	1.09505932197826e-26	-1.94555323486185e-24
0.0674267600000000	8.03359694816754e-24	-3.64812904248097e-24
0.0679282300000000	-6.35958212842825e-24	3.19869128903146e-24
0.0684297000000000	-4.27451658592555e-24	6.09039651906998e-24
0.0689311600000000	1.40336664668759e-23	3.30317433740823e-23
0.0694326300000000	2.96965893507216e-23	4.13748509483094e-23
0.0699341000000000	4.59687884633624e-23	4.19781576616530e-23
0.0704355700000000	3.94345348127797e-23	3.37529237117496e-23
0.0709370400000000	4.98911360454385e-23	2.45368344571479e-23
0.0714091300000000	1.25729759438789e-23	4.18158723979437e-23
0.0714110900000000	1.18941169429554e-23	4.19534110709971e-23
0.0719113700000000	2.43651995451879e-23	2.35007735221381e-23
0.0724124700000000	6.18508107126445e-23	-2.03487170470849e-23
0.0729133600000000	2.29362816223468e-23	-6.70284871156900e-24
0.0734159200000000	7.33388029173567e-24	-3.97181159637427e-24
0.0739200300000000	-6.71490765130585e-24	3.48860816350572e-24
0.0744233700000000	1.30920191549119e-23	1.30954738256347e-23
0.0749236300000000	8.65381728862389e-24	-2.98332206055739e-24
0.0754240600000000	1.10070800028015e-23	2.28516097818457e-24
0.0759240900000000	9.01528084747611e-24	-2.79384665860776e-24
0.0764092400000000	-4.82016011336810e-24	5.45638018117753e-24
0.0769128300000000	1.99669273205279e-24	2.43495303773224e-23
0.0774142800000000	1.91781864570089e-24	2.44521399311918e-23
0.0779171000000000	6.70568439344746e-24	-5.21036290296109e-25
0.0784171500000000	1.60760412237959e-23	1.58588085472302e-23
0.0789175600000000	1.68884883878188e-23	6.02670872446946e-24
0.0794176200000000	9.23707978206088e-24	-1.66610504972700e-23
0.0799194700000000	-8.78813462706340e-24	-2.76333310120591e-23
0.0804207200000000	-1.64772237736222e-24	-1.91533394021950e-23
0.0809212100000000	8.63405177573621e-25	-2.65244530071897e-23
0.0814111300000000	7.68133396171868e-24	-2.04110307512666e-23
0.0819118100000000	-4.76248072357062e-24	-3.42916028044987e-23
0.0824123000000000	-1.26255737917502e-23	-2.66864368784251e-23
0.0829151300000000	-3.77576648664862e-23	-1.91613635717162e-23
0.0834171400000000	-3.51519551679815e-23	-6.98651412279350e-24
0.0839174800000000	-3.14234385952203e-23	-4.09030745032163e-24
0.0844197700000000	-3.73832252273582e-23	6.94214785431797e-24
0.0849223900000000	-7.08011755101693e-24	9.45497033682231e-24
0.0854238200000000	-1.80723483031132e-23	1.37045782931275e-23
0.0859258700000000	-3.15957119407004e-23	1.69133289610741e-23
0.0864112800000000	-6.96642129119757e-24	4.20506765798179e-23
0.0869138500000000	-4.81223316722557e-25	6.56846817793334e-23
0.0874160400000000	-1.88668447906506e-24	6.19586508842874e-23
0.0879186500000000	-9.51081220476255e-25	8.30018248030171e-23
0.0884186700000000	6.57006426173350e-25	8.36498413074409e-23
0.0889188500000000	1.69588230207424e-23	9.79662171556509e-23
0.0894210200000000	3.57680726818571e-23	9.74627329259876e-23
0.0899236400000000	3.01638254640300e-23	6.50640790269209e-23
0.0904244700000000	5.93237838945136e-23	5.79965583850029e-23
0.0909259800000000	7.79932781895407e-23	7.71196224270738e-23
0.0914122600000000	7.48099481943422e-23	3.85650078031279e-23
0.0919149200000000	8.73282197838116e-23	2.46215095384283e-23
0.0924154600000000	9.63129984166134e-23	9.99064522716984e-24
0.0929162600000000	1.14666400062844e-22	-3.25627572399575e-23
0.0934177500000000	1.11618301305844e-22	-5.28145587823850e-23
0.0939178600000000	7.82129187651185e-23	-8.92256733724562e-23
0.0944188700000000	5.83898528780382e-23	-1.29459436210536e-22
0.0949198800000000	5.97807434966944e-23	-1.54782065662829e-22
0.0954209000000000	4.46953793347359e-23	-1.51781528582685e-22
0.0959219100000000	1.48343009903880e-23	-1.38299510807275e-22
0.0964145200000000	-1.87978648034701e-23	-1.50193673121141e-22
0.0969148700000000	-4.82448882226530e-23	-1.41680401948751e-22
0.0974170500000000	-8.46639103141911e-23	-1.29171204541293e-22
0.0979177000000000	-9.91441496856245e-23	-1.18752896356721e-22
0.0984205100000000	-1.28824904588737e-22	-1.04403876138726e-22
0.0989230400000000	-1.42879639361775e-22	-8.16867068449326e-23
0.0994249300000000	-1.47797764992290e-22	-6.42723145163246e-23
0.0999255100000000	-1.60556246383489e-22	-2.14484917029296e-23
0.100426490000000	-1.74433875809126e-22	2.09418315095625e-23
0.100927180000000	-1.68592559104701e-22	4.60947607951310e-23
0.101418770000000	-1.61349922953866e-22	7.56396719527583e-23
0.101918930000000	-1.30987431237821e-22	9.93436066877863e-23
0.102419850000000	-1.20715314607006e-22	1.38405918554472e-22
0.102921670000000	-1.04828645080222e-22	1.68379626942253e-22
0.103422030000000	-5.87317745377737e-23	2.10043312344754e-22
0.103923540000000	-7.35548656725988e-24	2.41872946975362e-22
0.104425270000000	3.55084246859483e-23	2.55309921159424e-22
0.104925510000000	9.49314023529600e-23	2.94283860215660e-22
0.105427270000000	1.58179274128028e-22	2.86438915511503e-22
0.105928870000000	2.51005790332350e-22	2.67634209422952e-22
0.106415920000000	3.36059673340804e-22	2.05247192332157e-22
0.106916390000000	3.72047833825781e-22	1.13079805264443e-22
0.107416860000000	3.65540378179145e-22	5.06514358299114e-23
0.107917330000000	3.51087260889587e-22	-4.03344862584029e-23
0.108417740000000	2.94410788577319e-22	-1.12026364030103e-22
0.108918780000000	2.46561233297875e-22	-1.72897185771007e-22
0.109419300000000	2.27187025064751e-22	-2.52598299552954e-22
0.109919890000000	1.46265511581019e-22	-3.27787914763419e-22
0.110420850000000	3.69667137914917e-23	-3.91750414020430e-22
0.110922390000000	-4.65873462840431e-23	-3.75108153561482e-22
0.111417270000000	-1.31074361901487e-22	-2.63835319327916e-22
0.111918290000000	-1.61976530870302e-22	-1.68503356654753e-22
0.112418500000000	-1.93534815050986e-22	-1.71128436491072e-22
0.112920110000000	-2.69426195090394e-22	-1.83742479590110e-22
0.113421770000000	-2.99896786240425e-22	-1.47500523956621e-22
0.113922440000000	-3.04674997706668e-22	-2.83257364704134e-23
0.114422690000000	-3.46891012364286e-22	8.85063726867769e-23
0.114923410000000	-3.85791058411938e-22	1.39803387955086e-22
0.115424130000000	-4.25783120689815e-22	6.80352676098178e-23
0.115924170000000	-4.32847747315828e-22	8.25407850597106e-23
0.116417820000000	-3.65030532299736e-22	2.34768215705640e-22
0.116917970000000	-2.38780874084181e-22	3.38962896300438e-22
0.117420040000000	-1.36248920674856e-22	3.56293436705705e-22
0.117920630000000	-2.56782401637477e-23	3.67291555953771e-22
0.118421550000000	1.53474511683606e-22	3.65618004565470e-22
0.118922360000000	2.95705940094200e-22	3.20743769862517e-22
0.119422420000000	3.26144609568228e-22	3.52974032869693e-22
0.119923230000000	3.12534461102043e-22	3.34854262243234e-22
0.120424040000000	3.65296033143042e-22	2.08124022385256e-22
0.120924120000000	4.35919821358012e-22	-1.86852768901678e-23
0.121418750000000	4.21544229990621e-22	-9.99802642607998e-23
0.121918750000000	3.88704849552836e-22	-7.75864890915432e-23
0.122418760000000	3.97225555072916e-22	-6.19983342266894e-23
0.122920330000000	4.59324045583552e-22	-2.01350233015036e-22
0.123421220000000	3.51671388671094e-22	-3.67709046104983e-22
0.123921370000000	1.48075068753769e-22	-4.27434654223622e-22
0.124421580000000	-2.49844800596503e-23	-4.09312744682832e-22
0.124921740000000	-8.14805317073033e-23	-3.81970633338522e-22
0.125422720000000	-7.72496586960717e-23	-4.14268952710781e-22
0.125923340000000	-1.12446589399035e-22	-3.93649812076649e-22
0.126419840000000	-1.55168635538838e-22	-3.49274168026631e-22
0.126920850000000	-3.36994515016260e-22	-3.30959198781997e-22
0.127421020000000	-4.75477272447690e-22	-3.32978515394271e-22
0.127922910000000	-6.25815160247221e-22	-3.42006778803582e-22
0.128424800000000	-7.46213756735027e-22	-1.81936843760300e-22
0.128924870000000	-8.12674115796563e-22	1.15990653777746e-22
0.129425590000000	-6.93812429719867e-22	3.68396914472332e-22
0.129925620000000	-4.61601094891175e-22	3.84690117075549e-22
0.130426060000000	-3.71696491220651e-22	4.47363405164118e-22
0.130926370000000	-4.68106845887905e-22	7.72169997427801e-22
0.131422250000000	-3.01843713565706e-22	8.55159520232634e-22
0.131922280000000	2.11667221475896e-23	5.95561999461292e-22
0.132422720000000	2.35463651292630e-22	5.10327290690812e-22
0.132923000000000	3.86367307858992e-22	7.57498808099841e-22
0.133423860000000	6.63482287462692e-22	7.83502863250255e-22
0.133924630000000	8.66189677824757e-22	3.32868108525431e-22
0.134426110000000	9.84324521922367e-22	1.20108138403190e-22
0.134926770000000	9.47829416055445e-22	1.74227626133573e-22
0.135427210000000	4.97582342793927e-22	1.38887974751472e-22
0.135927400000000	2.86755607704468e-22	-1.63023312303203e-22
0.136421570000000	4.74595323531021e-22	-7.35060757403929e-22
0.136921590000000	3.52427404145346e-22	-6.73424531651170e-22
0.137422280000000	1.96672608856386e-22	-3.87402354430084e-22
0.137922300000000	2.49240910542887e-22	-6.23331057550782e-22
0.138422340000000	2.22894739285980e-23	-1.08927168878277e-21
0.138922660000000	-4.40226590179428e-22	-1.08321524590832e-21
0.139422670000000	-8.15004936114159e-22	-7.06720716133731e-22
0.139922850000000	-9.93113777859064e-22	-4.53563340023179e-22
0.140423090000000	-9.63193467791639e-22	-3.11231100691221e-22
0.140923460000000	-9.98928503969417e-22	-1.39630077560233e-22
0.141409460000000	-1.03686015655363e-21	3.22464325513635e-22
0.141410020000000	-1.03684270495715e-21	3.23123882433109e-22
0.141910120000000	-8.34725172074379e-22	6.98477894474622e-22
0.142410760000000	-6.21829513764059e-22	6.83670637787407e-22
0.142910930000000	-7.39332315158363e-22	8.67125935720763e-22
0.143411460000000	-6.06418247114394e-22	1.18873220658343e-21
0.143912260000000	-9.58667657938813e-23	1.12484291653057e-21
0.144413790000000	3.70769761215757e-22	8.81090534699417e-22
0.144915310000000	6.20481939401389e-22	7.24114889240351e-22
0.145416820000000	8.09104420094450e-22	7.03304963929436e-22
0.145918340000000	9.47822957182321e-22	6.01713873563487e-22
0.146409610000000	8.90703784696747e-22	5.00872524523085e-22
0.146910430000000	8.39688879265603e-22	3.36779949501050e-22
0.147410610000000	8.76253486885171e-22	-2.72632567026342e-23
0.147910660000000	1.03727397166113e-21	-2.03276934636770e-22
0.148410850000000	8.90617745247386e-22	-4.18755519967188e-22
0.148911190000000	5.11711725677123e-22	-6.94518433488121e-22
0.149412330000000	2.29187230801554e-22	-9.70046286805617e-22
0.149913110000000	-4.10651523570511e-23	-8.01811999092167e-22
0.150413360000000	1.52815188100241e-23	-7.08554164331405e-22
0.150913510000000	-9.10146451151586e-23	-7.66404803388111e-22
0.151410010000000	-2.55075392443790e-22	-6.74557647444347e-22
0.151910120000000	-6.19289154379930e-22	-5.98701361803867e-22
0.152410340000000	-1.05455780271449e-21	-6.08741898828202e-22
0.152910410000000	-1.13959207252668e-21	-3.33722536744372e-22
0.153410510000000	-1.08047434710175e-21	4.00137657767803e-23
0.153910740000000	-1.14325868697423e-21	1.63679644647284e-22
0.154410740000000	-1.09365529972192e-21	5.31750170515015e-22
0.154910880000000	-8.29256101001503e-22	8.18078206003901e-22
0.155411290000000	-5.31588371368199e-22	1.10839910195065e-21
0.155911870000000	-2.63755745233237e-22	1.41577026274657e-21
0.156410420000000	7.87905293394743e-23	1.29393396582405e-21
0.156730690000000	3.70267647835733e-22	1.33936610392250e-21
0.156731320000000	3.70590196116875e-22	1.33953052810054e-21
0.157231780000000	7.03285694255780e-22	1.44561580155423e-21
0.157732310000000	1.33666454169495e-21	1.15738304989031e-21
0.158232360000000	1.73711507725849e-21	5.86046695536434e-22
0.158732490000000	9.67040123732626e-22	2.78779583200382e-22
0.159233290000000	1.09276124973539e-21	4.35520226790038e-24
0.159733370000000	9.14019843521712e-22	-4.70106332171705e-22
0.160233610000000	7.98416832317920e-22	-6.89135207417849e-22
0.160734100000000	8.38124785197811e-22	-1.19878736276314e-21
0.161234510000000	2.90437107051295e-22	-8.60063422082847e-22
0.161730880000000	2.87019624270859e-22	-9.05302212048095e-22
0.162230980000000	4.50642286295893e-23	-1.32912618443393e-21
0.162731000000000	-5.13283578170535e-22	-1.29600198486749e-21
0.163231210000000	-7.01080071723701e-22	-7.78051723409188e-22
0.163731470000000	-3.32718520634978e-22	-6.15341982428495e-22
0.164231660000000	-7.49831876161286e-22	-5.12581379077167e-22
0.164732150000000	-1.28796690040163e-21	-1.79141240599317e-22
0.165232640000000	-8.05382799900017e-22	3.01131652780960e-22
0.165733190000000	-1.03740055974096e-21	3.41603068445909e-22
0.166233550000000	-6.44774224653338e-22	4.88065843021511e-22
0.166731320000000	-4.26775194527527e-22	1.35244334188307e-21
0.167231810000000	-8.40497307863307e-23	1.29301518220998e-21
0.167731960000000	-1.16155823335023e-22	1.03088259100631e-21
0.168232540000000	4.07851982862691e-22	1.18960554799031e-21
0.168732840000000	9.48554213102800e-22	1.08147813959737e-21
0.169233460000000	3.89984176344445e-22	6.02490691599999e-22
0.169734070000000	3.14849946052041e-22	5.86219613796993e-22
0.170234300000000	6.03394447720508e-22	4.74660469676302e-22
0.170734850000000	1.10291333438287e-21	8.93237587984372e-23
0.171235020000000	1.00011830099237e-21	3.32467755615103e-23
0.171732460000000	9.62565586248942e-22	6.92629428611085e-23
0.172232670000000	8.98737984429862e-22	-1.30767414731846e-22
0.172733180000000	9.66626943817869e-22	-6.68244816797952e-22
0.173234090000000	3.03596349691012e-22	-1.37805030434712e-21
0.173734430000000	-1.48533515873644e-22	-1.05044074911269e-21
0.174234470000000	3.77896743676082e-22	-6.54722007333623e-22
0.174734510000000	4.67673582863890e-22	-1.00312692381684e-21
0.175234730000000	-1.30697640753739e-22	-1.07747158036545e-21
0.175734780000000	-6.65787907480532e-22	-4.85547757513440e-22
0.176235280000000	-2.25469036110830e-22	-4.73255773337872e-22
0.176731990000000	-2.56290574490919e-22	-4.32020402289410e-22
0.177232330000000	-8.80378217893107e-22	-5.52101298701892e-22
0.177732540000000	-1.22419881549421e-21	-2.58597182946442e-22
0.178232590000000	-3.19559605313969e-22	3.57056008276460e-22
0.178732880000000	-1.10829563683105e-21	-3.36000227726294e-22
0.179232970000000	-2.32519502475814e-21	-1.10321451620616e-22
0.179733040000000	6.77748369657105e-22	6.15816792243004e-22
0.180233050000000	-1.01380475360693e-22	3.69426474404087e-22
0.180733410000000	-9.45113636529146e-22	8.84574297897885e-22
0.181233570000000	-3.04311541068552e-23	9.75691840996270e-22
0.181732410000000	4.41720712581577e-23	5.59842907917619e-22
0.181794300000000	3.48734069472553e-23	5.64638535331764e-22
0.181794740000000	3.47623000700884e-23	5.65102870947608e-22
0.182295070000000	2.31025899894663e-22	8.31036487919867e-22
0.182795780000000	3.32874489619852e-22	1.69349627184066e-21
0.183296000000000	5.83799960478287e-22	1.05746653823970e-21
0.183796440000000	4.52443508184310e-22	-1.08411064081826e-22
0.184296700000000	5.17141431003967e-22	4.42388637193178e-23
0.184797050000000	7.65280337234858e-22	5.03312565584302e-22
0.185297190000000	1.12906998486692e-21	2.80896648197590e-22
0.185797420000000	8.53570588832366e-22	-4.47814064691360e-22
0.186297630000000	6.35241602003956e-22	-3.20845954874299e-22
0.186794470000000	8.87966654916488e-22	-5.75495939943072e-22
0.187294500000000	8.34417398506018e-22	-5.37568749911944e-22
0.187794830000000	5.27924518064605e-22	-2.00684064905811e-22
0.188294910000000	5.73361669648615e-22	-5.49402559193098e-22
0.188794980000000	7.71609310202896e-22	-1.38147426544536e-21
0.189238900000000	-3.47209136981697e-22	-1.61775135233970e-21
0.189239170000000	-3.47670815158524e-22	-1.61714341455275e-21
0.189739470000000	-2.19288895931671e-22	-3.88750081109381e-22
0.190239580000000	-2.79958410185439e-22	-1.25134171937636e-21
0.190739660000000	-1.48768201442996e-21	-1.27193828474196e-21
0.191239730000000	-9.83174758245979e-22	-4.27501365665300e-22
0.191739910000000	-1.12849217660503e-21	-4.78446646194185e-22
0.192240600000000	-1.83273816561680e-21	-3.41978159481675e-22
0.192740720000000	-1.93896576113377e-21	7.97676528141665e-22
0.193241210000000	-9.89784810483367e-22	1.41951044936556e-21
0.193741310000000	-8.00523021259833e-22	5.30606343946286e-22
0.194239020000000	-3.67541264479598e-22	1.38236458205415e-21
0.194739290000000	5.62057766670673e-22	7.58151368176829e-22
0.195239520000000	3.74477365039762e-22	1.36130766074968e-21
0.195739980000000	1.29893573272725e-21	3.79432850373929e-22
0.196240490000000	5.51760663631534e-22	2.08601311395920e-22
0.196740580000000	3.28562853147943e-22	5.74069857702110e-22
0.197240840000000	2.24305946350003e-22	-8.05104951687618e-23
0.197740900000000	-9.24299193571902e-23	-1.15653356710056e-22
0.197818530000000	-2.12178259962083e-23	-6.09340558264044e-23
0.197818970000000	-2.07714767054219e-23	-6.05756418408637e-23
0.198319090000000	6.81224598043724e-22	7.71494100499148e-22
0.198819540000000	7.81669016436728e-22	1.59216213314226e-22
0.199319750000000	-5.49356164196787e-24	1.09947083278632e-22
0.199820060000000	6.07632583318128e-22	5.32249231080948e-22
0.200320450000000	7.58498484805766e-22	2.74760653913915e-22
0.200820490000000	5.65903836030608e-22	-1.21135727941137e-23
0.201320530000000	7.32082701609717e-22	-1.62139457808311e-22
0.201820550000000	7.16239795566461e-22	-3.59104232639998e-22
0.202320750000000	4.50041523594292e-22	-8.67593256094333e-22
0.202818590000000	2.27969313536704e-22	-5.29933091493534e-22
0.203318630000000	5.68472740198720e-22	-1.18514500743238e-21
0.203818690000000	-2.31215407704406e-22	-1.01609157062333e-21
0.204318700000000	-1.49663128384409e-22	-5.56830600327095e-22
0.204818810000000	-5.28144518366684e-22	-7.75779311656729e-22
0.205318920000000	-7.13677551199790e-22	-4.69100916045659e-22
0.205819110000000	-5.36135806941225e-22	-5.47740810722970e-22
0.206319350000000	-6.05510929377445e-22	-4.63998134051997e-22
0.206426000000000	-5.01001251517250e-22	-6.62411955286694e-22
0.206426530000000	-5.00569249156379e-22	-6.63482912933095e-22
0.206926680000000	-7.41740172040454e-22	-3.28394112251888e-22
0.207426900000000	-9.54991444303008e-22	-3.53424682674596e-22
0.207926970000000	-1.01867380735744e-21	1.92808964750363e-23
0.208427350000000	-8.39873380071343e-22	7.05714486572082e-22
0.208927480000000	-4.17528052125771e-22	8.14271119978042e-22
0.209427540000000	-3.84941303396732e-22	5.69775692271351e-22
0.209927770000000	2.80444465504083e-23	6.51389776493181e-22
0.210427860000000	2.86351952440044e-23	1.68288726323957e-22
0.210928110000000	2.36956558402546e-22	3.06522423385418e-22
0.211428130000000	4.05278894848516e-25	4.39463568140352e-22
0.211499230000000	1.61499374731588e-24	5.25940568076719e-22
0.211499510000000	1.63705697271993e-24	5.26284810134426e-22
0.211999670000000	2.16045741150785e-23	7.40289443672994e-22
0.212499720000000	1.00033639895701e-22	5.75759535208156e-22
0.212999840000000	2.21075722278484e-22	5.22666379593356e-22
0.213500130000000	4.99726361352488e-22	5.63831600733313e-22
0.214000180000000	6.76191110392835e-22	3.31691128784568e-22
0.214500290000000	5.35051490802592e-22	3.88994497442629e-22
0.215000470000000	8.63662294520905e-22	4.10791434494004e-22
0.215500640000000	4.55495375967623e-22	4.68532813917739e-23
0.216000650000000	5.40463563049321e-22	-6.12331473470477e-23
0.216499440000000	4.86059052021192e-22	-5.07447981441556e-22
0.216999660000000	2.95428315495572e-22	-1.79980858456905e-22
0.217500100000000	5.92742579813309e-22	-1.24500087867456e-22
0.218000720000000	3.60160684558299e-22	-3.32525794731401e-22
0.218147290000000	1.66815506948226e-22	-3.65830492741156e-22
0.218147890000000	1.65960547241482e-22	-3.65953969672871e-22
0.218648010000000	4.70246473190528e-24	-4.28467798457272e-22
0.219148040000000	3.82214612166565e-22	-6.33443611172491e-22
0.219648140000000	5.84514626849582e-22	-4.46972644960487e-22
0.220148180000000	6.05098864290764e-23	-9.96831560970818e-23
0.220648380000000	-5.00625398898351e-22	-5.92865048862666e-22
0.221021100000000	-1.78947325329741e-22	-9.17808842758356e-22
0.221021200000000	-1.78831849882091e-22	-9.17905748540676e-22
0.221521300000000	-2.87810666087674e-22	-1.17972998607649e-21
0.222021530000000	-3.87223988419540e-22	-3.15615204228827e-22
0.222521590000000	-1.55219826888498e-22	-5.52555351325050e-22
0.223021710000000	-9.16839185390992e-22	-4.11919044203168e-22
0.223521980000000	-5.47863837186364e-22	2.06701193886700e-22
0.224022120000000	-3.00177116889761e-22	-3.31679491146139e-22
0.224522160000000	-6.83124427123588e-22	-9.45188057784754e-23
0.225022190000000	-1.61542185426005e-23	-2.62429686404271e-23
0.225522240000000	-1.50346125860485e-22	4.01858317123859e-23
0.225736610000000	-1.64590592057037e-22	-1.58218857006272e-22
0.225737050000000	-1.64928848395396e-22	-1.58256955607601e-22
0.226237440000000	-2.13860302192123e-22	1.42427774264637e-22
0.226737630000000	-2.19554730575244e-22	-1.35163797582180e-22
0.227237640000000	-3.92427795225998e-22	-2.40891959843601e-22
0.227737950000000	-8.06418060362543e-22	-2.04194959908491e-22
0.228238080000000	-2.94071521115822e-23	2.41690591565512e-22
0.228738080000000	-5.10301902425857e-22	5.37799616546981e-22
0.229238200000000	-5.26215648663605e-22	6.40728157081100e-22
0.229738410000000	-5.21546165342531e-22	3.76962229319334e-22
0.230238630000000	-4.99455918320765e-22	5.56299465768532e-22
0.230737540000000	-2.00435007776620e-22	4.71117452069302e-22
0.231237800000000	-3.61533708760731e-22	2.10857639160765e-22
0.231737960000000	-3.80828232712680e-22	6.90604771194541e-22
0.232238110000000	-8.14628370523817e-23	7.39273368623863e-22
0.232738350000000	-3.31072243645179e-23	7.40279335682389e-22
0.233238520000000	4.78049848418737e-23	6.99711766095915e-22
0.233738590000000	2.87688880842748e-22	5.87028298416260e-22
0.234238750000000	-2.94365621836359e-23	4.19740616407088e-22
0.234739100000000	1.14495111914268e-22	7.18522412532903e-22
0.235239150000000	4.48206121206706e-22	2.37262672691910e-22
0.235737500000000	1.36446190150997e-22	4.58037589077506e-22
0.236237750000000	6.24214895841777e-22	4.69571250343968e-22
0.236738150000000	4.33340754106048e-22	3.32002882029896e-22
0.237238470000000	4.76458311431920e-22	4.05186785419545e-22
0.237239060000000	4.76926315609920e-22	4.05096733885423e-22
0.237239660000000	4.77394715162993e-22	4.05006050399340e-22
0.237739680000000	6.25097927178728e-22	-1.37655665185797e-24
0.238239950000000	2.58532503473379e-22	1.33418845344569e-22
0.238739980000000	6.06155539822836e-22	1.73172775160242e-22
0.239240340000000	5.38365735317976e-22	-7.88085513131042e-23
0.239740370000000	4.01162233381011e-22	1.07389320909718e-22
0.240240460000000	5.49306194620920e-22	-1.83768000727016e-23
0.240740550000000	3.71957915163610e-22	-1.06906580908288e-22
0.241240830000000	5.27458889377824e-22	-1.90425695660742e-23
0.241740970000000	5.11868034943822e-22	-2.68253901516384e-22
0.242239590000000	1.72234485295622e-22	-4.04486388199462e-22
0.242739870000000	1.95726861958620e-22	-1.01323596443380e-22
0.243239980000000	1.93724740921257e-22	-2.57471663539921e-22
0.243740110000000	1.26623981186628e-22	-1.27793448801097e-22
0.244240280000000	2.05286490021823e-22	-1.33563714660376e-22
0.244740520000000	7.55687734242383e-23	-2.63212201730775e-22
0.244740860000000	7.54947183766901e-23	-2.63203859964883e-22
0.244741200000000	7.54203489735509e-23	-2.63194976988850e-22
0.245241440000000	2.14768485217142e-23	1.68700742798949e-23
0.245741460000000	2.27456664383210e-22	-1.80894343396842e-22
0.246241470000000	5.93377257270177e-23	-1.10685527247575e-22
0.246741770000000	-2.65758420443859e-23	-2.82526731013279e-23
0.247241980000000	-6.39055944134646e-23	-5.68627458242788e-23
0.247742160000000	1.80099169586433e-22	7.25344868685716e-23
0.248242220000000	2.10666494757481e-22	-1.91719343456033e-22
0.248742420000000	9.29934908756632e-23	-1.13710376653951e-22
0.249242470000000	1.03111385301642e-22	-9.95531976067869e-23
0.249741700000000	1.03822340980650e-22	-1.46044422377099e-23
0.250241920000000	1.64501007195132e-22	-1.89528531285308e-22
0.250742030000000	1.09260514463778e-22	-1.71418460311263e-22
0.251242160000000	1.52619143638671e-22	-3.19383919427897e-23
0.251742200000000	1.17257049859989e-22	-2.54871677057641e-22
0.252242280000000	1.19016770328823e-22	-1.96255245095566e-22
0.252742440000000	2.39222624709155e-22	-3.35538815293369e-22
0.253242620000000	-1.45072120533834e-22	-2.98541440489018e-22
0.253742660000000	1.06674385553742e-22	-9.07473423985676e-23
0.254243040000000	-1.11509579642235e-22	-3.72746681953364e-22
0.254741510000000	-9.24136506451561e-23	-1.05037117930368e-22
0.255241810000000	-4.00356183515306e-23	-3.69060888573978e-22
0.255586580000000	-2.28603216447322e-22	-2.92196503442200e-22
0.255586870000000	-2.28596326550552e-22	-2.91986157421625e-22
0.256087040000000	-4.61040164607823e-23	-8.85254932845859e-23
0.256587220000000	-1.06320975331424e-22	-2.24312787635084e-22
0.257087350000000	-1.21615363276008e-22	-3.90691952818970e-23
0.257587460000000	-3.83273841432717e-23	-5.06133113023477e-23
0.258087460000000	-1.66791385827973e-22	-1.06638205493752e-22
0.258587490000000	-8.69343581544006e-23	-1.83128821827715e-23
0.259087770000000	-2.76848140318547e-23	-3.61515476136447e-23
0.259587980000000	-8.68567868613231e-23	-8.67595699641917e-23
0.260087980000000	2.62646008421856e-23	-7.61282939685992e-23
0.260586840000000	1.51713193510583e-23	-1.27826310303095e-22
0.260841540000000	3.21930815463853e-23	9.04389692860387e-24
0.260841610000000	3.22191957459014e-23	9.07401997210132e-24
0.261341680000000	1.56699971809571e-22	-1.45481622164096e-22
0.261841690000000	-8.52474515146470e-23	-2.05959567472494e-22
0.262341830000000	3.35605834609079e-23	-2.32336684930837e-23
0.262841920000000	-2.77852749490551e-23	-1.90076524377736e-22
0.263342300000000	-1.30547369058857e-22	-7.34302544681319e-23
0.263842370000000	-4.58382887629261e-23	-1.33402550706301e-22
0.264342600000000	-1.64262790472666e-22	-2.05773968042575e-22
0.264842820000000	-1.30569461451274e-22	7.10813279166438e-23
0.265342870000000	-1.15101507090274e-22	-4.10722172559025e-23
0.265841680000000	-2.92493644013711e-22	-1.27636864068159e-22
0.266341730000000	-1.76525150684748e-23	1.13664843704931e-22
0.266637740000000	1.63230015687856e-23	-1.82241658497169e-23
0.266637900000000	1.62820316370056e-23	-1.82531578612422e-23
0.267137960000000	-2.02402883499229e-22	-4.35714705955210e-23
0.267638080000000	8.50429291744554e-23	-3.92057519988257e-23
0.268138110000000	-2.14771926924748e-22	-2.42149268780716e-22
0.268638130000000	-1.92018460902910e-22	1.03284498008958e-22
0.269138420000000	-7.43358934814084e-24	-2.10202285532029e-22
0.269638780000000	-1.52919748603243e-22	-1.30798331766269e-22
0.270139140000000	-1.89497821660759e-22	-1.49390526993679e-22
0.270639440000000	-2.99437383090660e-22	-1.47642748796528e-22
0.271097620000000	5.33601212903453e-23	-1.32835663870614e-22
0.271097810000000	5.34677443297758e-23	-1.32917117617281e-22
0.271598020000000	-2.88575143236651e-22	-1.45118496085469e-22
0.272098540000000	-2.32313879566976e-22	4.87885775601839e-23
0.272598810000000	-2.06794628794400e-22	-2.30576112137051e-22
0.273098860000000	-1.81041461813475e-22	-2.15634162180998e-23
0.273598950000000	-3.88983018602385e-22	-3.63967478914022e-22
0.274099250000000	-4.50995868279513e-22	-1.13889653323476e-22
0.274599540000000	-3.25633464136324e-22	2.41876320626602e-22
0.275100340000000	-1.97802872763788e-22	1.06544819197741e-22
0.275600640000000	-2.34166056228165e-22	6.34898931724205e-23
0.276097840000000	-1.53840810485159e-22	1.88624768683240e-22
0.276597850000000	-7.76311211039204e-23	-3.96241657721352e-24
0.277097870000000	-1.52229391317400e-22	1.15767681681058e-22
0.277597870000000	-6.33815117906362e-23	6.47887715854844e-23
0.278097970000000	-2.14953073523923e-22	6.89941688307200e-23
0.278598470000000	-1.81599724935472e-23	-5.80082997283693e-23
0.279098790000000	-1.04909755304284e-22	-6.25949811385927e-23
0.279598800000000	-1.95944639086107e-22	2.33324409642742e-23
0.280099220000000	-1.42539010772976e-22	9.07480197214391e-23
0.280218580000000	-9.96269253356268e-23	5.08881877201386e-23
0.280218960000000	-9.94441810322618e-23	5.06074098432612e-23
0.280719220000000	-2.16027592786763e-22	-2.82758187470147e-23
0.281219510000000	8.43804296273861e-24	7.26446604013031e-25
0.281720210000000	-2.00136321353388e-22	-1.82012558086845e-22
0.282174570000000	-1.63492026211867e-22	-5.36769755222752e-23
0.282174820000000	-1.63318482480905e-22	-5.35758016336311e-23
0.282675110000000	-1.84978723461842e-22	-1.87321434198653e-22
0.283175650000000	-4.02298486248540e-22	1.89316895434576e-23
0.283676050000000	-3.00692958210855e-22	2.20722931045010e-23
0.284176130000000	-1.92518257125742e-22	2.21611312908570e-22
0.284676470000000	-1.87697659507170e-22	2.15734934213010e-22
0.285176540000000	-2.46530018111757e-22	4.34591383797047e-22
0.285677100000000	-1.75302122710958e-22	1.75730488917467e-22
0.286177530000000	-2.00005688781001e-22	3.76965398801480e-22
0.286677700000000	-9.39402618596841e-23	6.86317200749637e-23
0.287174730000000	-7.95813216162837e-23	1.89446011322255e-22
0.287675070000000	5.46956075462653e-23	2.11821592756580e-22
0.288175600000000	-6.54042798328536e-23	5.12153379078719e-23
0.288676130000000	-1.91945935503187e-22	2.52648003384920e-22
0.289176190000000	1.25753125457468e-23	8.71023147818668e-23
0.289676330000000	-2.49864614721080e-22	2.48769516509750e-22
0.290176360000000	8.99615052732921e-23	2.87969768906121e-22
0.290371040000000	1.39042851593725e-22	2.01598366522128e-22
0.290371390000000	1.38951037075670e-22	2.01462756112752e-22
0.290871600000000	-1.95113777814160e-22	2.62020200977905e-22
0.291371760000000	1.73011439444864e-22	4.74012910121758e-22
0.291701910000000	2.54258939676565e-22	-9.51719945666455e-23
0.291702340000000	2.53806222254474e-22	-9.58342542960474e-23
0.292202650000000	-2.30817459452311e-22	4.19863973429970e-22
0.292702950000000	2.34995271184232e-22	1.40445269664315e-22
0.293203340000000	-7.48729457029540e-23	7.07402132109514e-23
0.293703850000000	3.50637450446519e-22	3.81528749841597e-22
0.294204240000000	8.09378146035593e-23	-1.39468644621477e-22
0.294704360000000	3.51341114372125e-23	2.48762830782075e-22
0.295204510000000	2.25520289035296e-22	-8.49058960629712e-23
0.295704810000000	-2.59172207378925e-22	2.04298425028093e-22
0.296204960000000	1.86500139707169e-23	2.75843758001094e-22
0.296705360000000	-7.00766377251579e-23	2.17526936084348e-22
0.297205760000000	-3.12068605560712e-23	2.92500913081657e-22
0.297705970000000	2.54847711494794e-22	7.37552333337410e-23
0.298206140000000	-4.31415455741746e-24	3.83404392985622e-22
0.298483730000000	2.39083718427242e-22	4.87665308627543e-22
0.298484080000000	2.39265104844084e-22	4.87612752909802e-22
0.298984310000000	-9.99366563346781e-24	9.88936212426368e-23
0.299484730000000	3.75773650829394e-22	3.82582135982689e-22
0.299985140000000	-3.03404544168753e-23	-3.97158117696677e-23
0.300485300000000	5.09113699866314e-22	2.34793727120208e-22
0.300985530000000	-9.57744100656844e-23	1.57373198336089e-22
0.301485810000000	3.30823442537553e-22	1.39987331346788e-22
0.301986080000000	-1.08584779574090e-22	5.68415835355173e-24
0.302486300000000	1.71410935221752e-22	1.76484605295055e-22
0.302986670000000	-2.70098271140264e-22	2.02313081505113e-22
0.303483910000000	1.18765703916473e-22	2.89277002048194e-22
0.303983990000000	-4.07339965661158e-23	9.63147030665197e-23
0.304484440000000	9.70034399627182e-23	5.87397086136307e-22
0.304984680000000	9.79341431630210e-23	2.27870220228364e-22
0.305171250000000	7.18350845677309e-23	4.13631692352819e-22
0.305171630000000	7.17216961819440e-23	4.13944498851416e-22
0.305671970000000	1.34065811836503e-22	3.51165130334359e-22
0.306172030000000	-6.32175024323447e-23	2.23371286158188e-22
0.306672210000000	2.32273612884302e-22	5.49619308993549e-22
0.307172440000000	1.99140546545728e-22	4.83993042260912e-22
0.307672570000000	2.29967451656320e-22	4.58538503369192e-22
0.308172690000000	3.30147519682666e-22	6.41574891690007e-22
0.308672700000000	4.98577787042099e-22	3.22394230698379e-22
0.309172720000000	3.16896209744108e-22	1.88448240194553e-22
0.309341640000000	3.79236967951323e-22	2.84241505114144e-22
0.309341730000000	3.79307231287103e-22	2.84289698742961e-22
0.309841870000000	4.54803735333181e-22	1.30116756992301e-22
0.310342380000000	2.23791372173611e-22	3.78603680788771e-22
0.310842440000000	6.46472574484764e-22	5.96405473846234e-23
0.311342480000000	2.40721015217629e-22	2.24015222521486e-22
0.311545330000000	3.21453192652921e-22	3.98907020444242e-22
0.312045510000000	6.36324722295031e-22	-2.50579809339399e-23
0.312545540000000	3.66729851124169e-22	1.71548033148823e-22
0.312887930000000	5.67803237327606e-22	3.14130369900122e-22
0.313387940000000	3.33948059334361e-22	1.42016441594076e-22
0.313888220000000	7.84109274630158e-22	-2.24851155613021e-22
0.314164430000000	7.01243306535743e-22	-3.18394007189972e-22
0.314624390000000	1.33494608282803e-22	-5.05927712432098e-23
0.315124580000000	1.84253456501491e-22	-2.89538989886750e-22
0.315624790000000	4.10213872531338e-22	-3.11618717338941e-22
0.316125090000000	1.20789421507023e-22	-5.88048191103394e-22
0.316625290000000	-1.53480390457238e-23	-3.36147566515919e-22
0.317125540000000	2.55835176944356e-22	1.31984453745508e-22
0.317625890000000	8.96979651014565e-25	-4.43804757278604e-22
0.318126580000000	9.18023003176155e-23	2.76490909217447e-23
0.318626870000000	3.12079689025883e-23	-4.50437744511026e-22
0.318754450000000	-1.86765008598514e-23	-3.80414035193227e-22
0.318754560000000	-1.86626659730638e-23	-3.80343091293796e-22
0.319254720000000	1.73570447946097e-22	-2.19923495609836e-22
0.319754750000000	-1.02336294600491e-22	-3.09369104468785e-22
0.320254820000000	-4.39230724629948e-23	7.83637738002732e-23
0.320754830000000	1.83196748561627e-23	-1.43578698140011e-22
0.321254930000000	-1.28738680414956e-22	-1.71727290373672e-22
0.321755050000000	3.14355668876340e-22	-1.45221154251027e-22
0.322097390000000	-4.21732655380081e-24	-3.76612915442039e-22
0.322097510000000	-4.29283022969146e-24	-3.76573394138602e-22
0.322597960000000	1.55535825554695e-22	4.84266570514519e-23
0.323098040000000	-2.87783825953597e-22	-5.92857996926932e-22
0.323598270000000	3.38943616904444e-22	5.67393239858111e-23
0.324098490000000	1.39187354701472e-22	-4.39350814947306e-22
0.324598780000000	-1.41407191291515e-23	-2.28552731587547e-22
0.325098980000000	5.22692425736507e-23	-5.67128192723906e-22
0.325599380000000	-1.17133222924110e-22	1.44002151325116e-22
0.326099520000000	-1.36815707046384e-22	-5.93294568786601e-22
0.326599530000000	-2.98018304173742e-22	6.91147938766607e-23
0.327099880000000	1.21345056357015e-22	-2.50422333392155e-22
0.327600030000000	-1.68600800406435e-22	-2.12785909319675e-22
0.328100230000000	-1.62972769109401e-22	-3.42104125331885e-22
0.328324270000000	-1.60640798315156e-22	-1.55525004592647e-22
0.328324530000000	-1.60535291504602e-22	-1.55275331715392e-22
0.328824650000000	-1.02180351541851e-22	7.50868922293199e-23
0.329324840000000	-9.08219807863879e-23	-2.67474020943443e-22
0.329825080000000	-9.45212201590462e-23	-3.02232483930853e-24
0.330325730000000	5.24874215577689e-23	-3.61870665546595e-22
0.330826150000000	3.88409604837209e-22	-1.32555268405693e-22
0.331326210000000	9.98324004649295e-23	-6.60733857085049e-22
0.331826240000000	8.03103900107421e-23	-2.15213797458556e-22
0.332326590000000	-3.68162907522163e-22	-7.67471642004035e-22
0.332826980000000	-2.44998743415831e-22	-3.65487569680620e-22
0.333324660000000	-3.32422514336219e-22	-6.75869521382363e-22
0.333824940000000	-3.11398444811402e-22	1.01368364568488e-22
0.334325310000000	-5.87883504422231e-22	-6.84522742367597e-22
0.334725490000000	-4.54313551261723e-22	1.55074763125934e-22
0.334993080000000	-1.83434787041232e-22	-5.01835437828748e-22
0.335493190000000	-2.80757372466838e-22	-4.77118902159988e-23
0.335634220000000	-2.21697498192999e-22	-2.98892407163751e-23
0.336134360000000	-3.00424919837366e-22	-8.87533330317666e-23
0.336634600000000	-4.60593850965609e-22	3.69893376717128e-22
0.337135090000000	4.41890529416356e-23	-4.48547482211625e-22
0.337635300000000	-2.14472148358895e-22	1.43566143361043e-22
0.338135700000000	-3.43600052848098e-22	-4.70000566098808e-22
0.338636090000000	-1.71519990685629e-22	1.01468151403596e-22
0.339136610000000	-1.09387400695307e-22	-3.50342247861023e-22
0.339636980000000	-3.39465064773710e-22	1.01594541795893e-23
0.340137420000000	-8.99106444831201e-23	-3.55406740047377e-22
0.340634460000000	-4.40134114542398e-22	3.27992887571931e-23
0.341134770000000	-5.64659785121567e-22	-2.18231131497758e-22
0.341634880000000	-3.49685792367329e-22	-1.28265247931646e-23
0.342135260000000	-3.50280180456067e-22	1.19323007767800e-22
0.342635280000000	-5.35065818287832e-22	2.17228709851775e-22
0.343135770000000	-6.66951275948378e-23	-2.21474759432420e-23
0.343636350000000	-2.32935127234467e-22	3.67848736655485e-22
0.344136620000000	-6.84798053049813e-23	-2.34741281588963e-22
0.344636870000000	-2.88294300544188e-22	2.02339798489577e-22
0.345137050000000	-6.70318218775791e-23	-2.60356002478634e-22
0.345637380000000	-6.11312533572455e-22	-1.43116825516427e-22
0.346137510000000	8.88570509321531e-23	-1.01790654313828e-22
0.346637860000000	-6.54871750781481e-22	1.27323714046957e-22
0.347138120000000	-3.97814796804142e-23	-7.80051329601823e-23
0.347638280000000	-4.85287526177259e-22	7.53335835896286e-23
0.348138830000000	-7.63200930092995e-23	1.01489391471060e-22
0.348318000000000	-2.65898331367352e-22	4.95902977447580e-23
0.348318510000000	-2.66436226191513e-22	4.97074130267280e-23
0.348818710000000	-2.74675097340668e-22	3.73135867138260e-22
0.349318800000000	-6.06742295876347e-23	1.42526524050373e-23
0.349819250000000	-3.16237615336083e-22	7.90508222504618e-23
0.350319470000000	-3.46755145933346e-22	-6.73030815856827e-23
0.350819810000000	-2.65174140345725e-23	2.26593106889010e-22
0.351320300000000	-9.90505300535046e-23	1.24976923169021e-22
0.351820370000000	-3.32238042697493e-22	1.59889550027240e-22
0.352320780000000	-3.12005877036781e-22	-2.32938011528035e-23
0.352821040000000	1.64619959998960e-22	4.12154434966093e-23
0.353318290000000	-3.02816284393652e-22	-2.70160114931449e-22
0.353818320000000	-9.72993360749819e-23	-2.09083993063323e-22
0.354318540000000	1.09392676683990e-22	-1.01655734190440e-22
0.354818700000000	-1.02775416953461e-23	1.75358415047220e-22
0.355318770000000	-5.30096290657003e-22	-3.59938999050989e-22
0.355351260000000	-5.32795409336974e-22	-3.21201098913537e-22
0.355351530000000	-5.32755272285471e-22	-3.20889967897832e-22
0.355851840000000	-2.20679135153690e-22	4.09965061701373e-23
0.356352080000000	-3.68803586902275e-22	-1.69563791490801e-22
0.356852160000000	-2.37717613288593e-22	1.71714265681707e-22
0.357352370000000	-4.82247461312119e-22	4.04660230082119e-24
0.357852680000000	-1.08471595357398e-22	1.67701166557182e-22
0.358352990000000	-1.93168282913325e-22	1.01571827173851e-22
0.358853780000000	-1.43002451933736e-22	1.48733504363609e-22
0.359353800000000	-8.30406785059209e-23	9.30082720700033e-23
0.359853880000000	-3.09351477870228e-22	3.13480590411765e-22
0.360351530000000	4.19315682185848e-23	-2.37873397549047e-22
0.360851800000000	-1.68223145914251e-22	2.03187994689944e-22
0.361352120000000	-1.48380495997924e-22	-1.11511478738898e-22
0.361852330000000	4.55682281431596e-23	2.66910890170954e-22
0.362352630000000	5.66790552133612e-23	-2.16521973667402e-24
0.362852870000000	-9.89548654896529e-23	3.20828075494958e-22
0.363352950000000	4.65520704014751e-23	8.44500383257488e-23
0.363853100000000	4.95672655263464e-24	2.43472407667542e-22
0.364353340000000	5.22018311236463e-23	-7.27061088174145e-23
0.364853480000000	2.66045495154896e-22	2.65541495641326e-22
0.365018550000000	2.58309975363454e-22	1.12663763741574e-22
0.365018960000000	2.57913611852432e-22	1.12331049135800e-22
0.365519480000000	1.58306429344238e-23	-2.38305130925237e-23
0.366020450000000	1.72519972024807e-22	1.31327424633879e-22
0.366520500000000	4.22346037676236e-23	-8.45477316174358e-23
0.367020940000000	1.58640274981983e-22	-1.90281717559240e-22
0.367521070000000	-1.52668759969596e-22	-2.27948345694700e-22
0.368021180000000	1.04989442826238e-22	-2.63030267622232e-23
0.368521450000000	-1.58630899407498e-22	-2.28596093214443e-22
0.369021840000000	-4.20251424797946e-23	-1.38930830816799e-22
0.369522200000000	-1.19562883769263e-22	-2.10656526120386e-22
0.370018570000000	-1.83647080770160e-22	8.75394861857050e-23
0.370518970000000	-4.87000485441723e-22	-6.86336742648754e-23
0.371019120000000	-1.60771408202088e-22	3.89203278166807e-22
0.371519240000000	-2.90151445320028e-22	1.57830867668934e-22
0.372019490000000	9.90169653024015e-23	1.22401647628825e-22
0.372519530000000	-8.16839813495500e-23	2.23073656229004e-22
0.373019630000000	1.98345547737401e-22	2.02664291238293e-22
0.373519980000000	-4.97062301422873e-23	6.15586965898118e-23
0.374020400000000	1.89989165931203e-22	6.99288030963012e-23
0.374520730000000	3.99545859061717e-23	1.69045795051478e-22
0.375018720000000	1.85750641440069e-22	-1.82141579991925e-22
0.375519160000000	-1.56763591547806e-22	-3.99986345782769e-23
0.376019740000000	-1.69631494610941e-23	-5.80126391318382e-24
0.376520280000000	-1.69774403255278e-22	1.25041764681048e-22
0.377020570000000	-9.15550158946968e-23	-1.02500106271246e-22
0.377230470000000	-3.17636173638539e-22	-4.74854537262505e-24
0.377231180000000	-3.18020931918925e-22	-3.78288064534530e-24
0.377731520000000	-5.25765818775862e-23	2.06897167051125e-22
0.378232070000000	-2.80392506089731e-22	1.33760682744043e-22
0.378732510000000	7.03172493835192e-23	2.61417471123275e-22
0.379232720000000	1.00170381337049e-23	2.65146535387736e-22
0.379732730000000	5.13610303816181e-23	1.76092522853474e-22
0.380233720000000	-2.16127311565506e-23	1.27759803030512e-22
0.380733820000000	5.88240719319434e-23	2.45134950128596e-22
0.381234470000000	-4.54534948339676e-23	1.40631945032958e-22
0.381734670000000	1.63992901614202e-22	1.35678323146883e-22
0.382230690000000	-1.34615522541954e-23	2.53316559948481e-22
0.382730920000000	1.42737628413302e-23	9.49372422372400e-23
0.383231270000000	7.49875461401952e-23	2.42634416681158e-22
0.383731350000000	5.95013235063393e-24	1.60517784814879e-22
0.384231670000000	-1.30716411347385e-23	2.14467977475949e-22
0.384732320000000	1.24947247353065e-22	1.70459798908028e-22
0.385232720000000	-9.77724574434803e-23	1.82737633841218e-22
0.385732870000000	-4.59881942497489e-23	1.38922566829610e-22
0.385816670000000	-5.64136775196683e-23	1.71242819796101e-22
0.385817170000000	-5.63593199286427e-23	1.71534814010100e-22
0.386317680000000	2.11845918045928e-22	3.30549972617974e-22
0.386818110000000	1.86603083061305e-22	3.43606404775506e-22
0.387319280000000	7.21030613664141e-23	3.08050859158686e-22
0.387820220000000	2.26048704580035e-22	2.15486700241759e-22
0.388321240000000	1.58763256074467e-22	2.41202329276172e-22
0.388822200000000	2.62069697399996e-22	1.56546206554614e-22
0.389322690000000	4.02062369551053e-22	2.31076634294443e-22
0.389823580000000	2.54037380559648e-22	1.61751844401371e-22
0.390323820000000	2.23358083223362e-22	3.56256115891406e-22
0.390816710000000	2.51389900456878e-22	-1.39235366846649e-22
0.391317510000000	4.09491305140134e-22	2.44407968796000e-22
0.391818180000000	-9.81130050127970e-24	1.90340346497369e-22
0.392318940000000	4.00471218216972e-22	2.43257450018038e-22
0.392819730000000	3.24134185654325e-22	-1.71818923408087e-23
0.393320230000000	1.97072747875281e-22	1.33249864630847e-22
0.393820490000000	3.60586441937479e-23	3.89685204732635e-23
0.394320790000000	6.38658501444120e-22	1.01037889341203e-22
0.394821150000000	8.20827948897156e-23	2.37593990521809e-22
0.395321390000000	5.07144025511199e-22	-1.13505449216348e-22
0.395797580000000	1.27062711405305e-22	2.87521089495025e-22
0.395797730000000	1.27187293442758e-22	2.87686450258281e-22
0.396298010000000	4.01674882534505e-22	-2.30950308717732e-22
0.396798450000000	3.93168572556030e-22	1.94445778664636e-22
0.397298670000000	3.97721076707864e-22	-1.88656878324442e-22
0.397799570000000	3.00751927430810e-22	1.54073722051928e-22
0.398300120000000	3.25097225350380e-22	-3.05344840859607e-22
0.398800570000000	3.91742286145972e-22	2.32690759512909e-22
0.399300820000000	1.78667710892628e-22	-2.57131281250348e-22
0.399801010000000	4.30175005338496e-22	-2.21217629522019e-22
0.400301440000000	1.53865346425161e-22	-4.75612328683808e-23
0.400798050000000	3.29188038362271e-22	-1.58399812399469e-22
0.401298120000000	1.81516709133188e-22	-3.20339819687177e-23
0.401798610000000	2.16406452848842e-22	-2.03632260159647e-22
0.402298670000000	3.33075622104907e-22	-3.34972132626778e-24
0.402798920000000	1.79342528641778e-22	-1.23520542882479e-22
0.403299380000000	1.68398851244999e-22	5.41357758870926e-23
0.403516950000000	3.80465780716145e-22	1.66286002501646e-22
0.403517490000000	3.81205971465125e-22	1.66542513423203e-22
0.404017620000000	3.32587897784929e-22	-2.02354592647034e-22
0.404518180000000	2.86463072280328e-22	-2.27446151295194e-22
0.405018200000000	3.13892062435836e-22	-1.37202818132535e-22
0.405518980000000	3.77502963066153e-22	-2.25459096640749e-22
0.406019330000000	3.32121196400204e-22	-1.78065149558521e-22
0.406519890000000	1.58656018687772e-22	-3.43318704594066e-22
0.407020100000000	-2.88296484829429e-25	-2.70531676758568e-22
0.407520190000000	1.46839476278674e-22	-3.72324136186460e-22
0.408020460000000	2.34024926771658e-22	-1.25724574191926e-23
0.408517220000000	9.20903537439982e-23	-1.75505932079706e-22
0.409017300000000	6.50393259547064e-23	-5.36270448357593e-23
0.409517580000000	2.86920132346667e-22	-2.52514198089608e-22
0.410017970000000	1.58594712865950e-22	-1.45699908093931e-22
0.410518400000000	-1.01393483848762e-23	-3.28385929284182e-22
0.410548630000000	-3.89035136814921e-24	-3.03008472327867e-22
0.410549270000000	-3.66516905998604e-24	-3.02401247512362e-22
0.411049330000000	2.20454429240082e-22	-1.86607646078545e-22
0.411549920000000	-1.35328364354509e-23	-1.36510509897559e-22
0.412050210000000	2.25325203844396e-22	-1.74421395568082e-22
0.412550390000000	1.01008618622659e-22	-1.65503869587099e-22
0.413050540000000	6.00044739357358e-23	-2.29534289096464e-22
0.413551110000000	3.13947188091553e-23	-1.02431327212381e-22
0.414051350000000	1.51455807578618e-22	-2.74444606636028e-22
0.414552000000000	1.22271718305544e-23	-4.81137824964896e-23
0.415052520000000	1.32420711249586e-22	-1.07897663067536e-22
0.415548630000000	1.70042568019160e-22	-9.18094527175078e-23
0.416049030000000	1.52976151126000e-22	2.13961660805187e-23
0.416549370000000	1.54922504833347e-22	-1.45504641419391e-22
0.417049590000000	2.28753757126885e-22	-1.57173789945616e-22
0.417550240000000	5.36693791356203e-23	-5.56943476669754e-24
0.418050800000000	4.01778571267878e-22	-4.28847847885350e-22
0.418443070000000	1.64537978005269e-22	-2.79106995891237e-23
0.418443540000000	1.64992685265843e-22	-2.78641069052762e-23
0.418943660000000	7.18602330150187e-23	-3.85512562043681e-22
0.419444030000000	2.46946176302681e-22	-2.92012190601659e-22
0.419944250000000	-4.15216971394828e-23	-2.01790761866218e-22
0.420444260000000	-1.00744906689521e-23	-1.27363270998966e-22
0.420944520000000	1.45875409255584e-22	-3.48699357485582e-22
0.421444740000000	1.42872768909681e-23	4.06644656464560e-23
0.421944810000000	1.23317323335562e-22	-1.43609035074941e-22
0.422444920000000	2.01642502695274e-22	-1.89791403856610e-22
0.422945160000000	-2.54427683813398e-23	-4.43407116900541e-23
0.423443260000000	9.86432775240687e-23	-2.22946993611247e-22
0.423943630000000	2.39588148964458e-22	-2.42074157239119e-22
0.424443630000000	-8.53874693838570e-24	-1.37360106114580e-23
0.424944140000000	-6.13855061037928e-23	-3.35616448161253e-22
0.425256970000000	6.91420261450317e-23	-2.38979559780872e-22
0.425257030000000	6.92025379759284e-23	-2.38927597125741e-22
0.425757210000000	-5.25535820669674e-23	-2.43109657519312e-22
0.426257380000000	1.75973375602889e-22	-8.44663686125895e-23
0.426757680000000	-2.81798485776760e-22	5.58449466805662e-24
0.427258000000000	-1.64584748931977e-22	-1.39881989815978e-22
0.427758240000000	1.93670010640613e-22	-3.87267453751373e-23
0.428258380000000	-1.74287820368099e-22	-5.71010273623308e-23
0.428758770000000	1.54298534911252e-22	-2.60888958355157e-22
0.429258860000000	1.43428047273951e-22	2.67770944382742e-23
0.429758970000000	-2.16088033320515e-23	-6.37935865996551e-23
0.430257030000000	3.34258966736294e-23	-1.29487893493479e-22
0.430757280000000	2.17915716171833e-22	-1.33006520995545e-22
0.431257330000000	4.30936565786112e-23	9.34555190566530e-24
0.431318810000000	6.87758569746509e-23	8.02621510110154e-23
0.431319260000000	6.88988801972659e-23	8.08465121286316e-23
0.431819720000000	7.11891583659489e-23	-2.83835069261090e-22
0.432320300000000	3.87746116852456e-23	-5.63481003507419e-23
0.432820470000000	1.15547814250930e-23	-5.50509816808322e-23
0.433320590000000	1.14988734452552e-22	-1.32728202870148e-22
0.433820670000000	4.07239339464214e-23	6.66228809021332e-23
0.434321040000000	1.99175767335048e-23	-6.29265647123942e-23
0.434821120000000	1.84049170738187e-23	-1.23761543434355e-22
0.435321480000000	-3.06511641312721e-23	-1.06638166604400e-24
0.435821930000000	1.37118311571778e-22	-1.56775929194562e-22
0.436318970000000	3.20557826909993e-22	-1.84756324983089e-22
0.436819100000000	-8.11268946304356e-23	6.85036963299047e-23
0.437319150000000	4.49034730137047e-23	-2.15221977185483e-22
0.437819550000000	2.59560245327953e-22	7.42360094229216e-23
0.438319790000000	-8.94732008538216e-23	-3.41356305788456e-22
0.438359490000000	-1.05877254312642e-22	-2.61308606865376e-22
0.438359600000000	-1.05870075986515e-22	-2.61081178697165e-22
0.438859980000000	3.38892033420491e-22	-3.91543302297586e-22
0.439359990000000	1.04818851445209e-22	1.40098908136952e-22
0.439860100000000	-1.13684832831589e-22	-2.16521043563746e-22
0.440361110000000	-1.08080656910907e-22	-2.05071937469730e-22
0.440861350000000	1.01215785438751e-22	-2.36883219567220e-22
0.441361440000000	-8.63877683194054e-23	1.21476463475653e-22
0.441861450000000	-5.37031934267286e-23	-4.79279905642806e-22
0.442361740000000	4.33034221756155e-22	5.60449189666350e-23
0.442861840000000	-1.14353765325549e-22	1.24680592792332e-22
0.443018100000000	2.62804579752500e-23	1.08513031961396e-22
0.443518190000000	1.44316341636470e-22	-2.58845601642112e-22
0.444018490000000	2.31097744730736e-22	-1.09200235968991e-22
0.444518510000000	2.55943104617039e-22	-1.35794945830401e-22
0.445018840000000	2.92719613831241e-22	-1.07330202613916e-22
0.445519020000000	1.42829290614731e-22	-4.41004072575695e-22
0.446019310000000	5.11341051823530e-22	-2.54308766658143e-22
0.446519430000000	8.59037352470387e-23	-3.86982530917784e-22
0.447019500000000	1.36719517476288e-22	-4.07070747644007e-22
0.447043230000000	9.31893214457998e-23	-4.30217388250046e-22
0.447043240000000	9.31704536287754e-23	-4.30227891615724e-22
0.447543260000000	2.64015989532536e-22	-1.72832937321589e-22
0.447736220000000	1.70789940335046e-22	-2.74115994856835e-22
0.447736330000000	1.70696427648643e-22	-2.74154586056617e-22
0.448236360000000	5.55211993110871e-23	-5.08455452221673e-22
0.448736770000000	1.74541728943886e-22	-1.24022675707178e-22
0.449237190000000	-1.25314281811516e-22	-6.03801615989683e-22
0.449737650000000	3.62159979636121e-22	-3.27738710011464e-22
0.449885970000000	1.03517526243781e-22	-4.39912231347551e-22
0.450386040000000	1.61362756439853e-22	-1.63457356355026e-23
0.450886520000000	-2.28524523844610e-23	-2.43050856819880e-22
0.451386800000000	9.26344060488095e-23	-2.69464689066797e-22
0.451596650000000	1.53631258455510e-22	-1.95811089812359e-22
0.452096780000000	-9.10138349203361e-23	-3.06078870887158e-22
0.452596790000000	3.72881145126871e-22	-1.68345313571134e-22
0.453097020000000	-9.87959506364049e-23	-8.82288712377614e-23
0.453162070000000	1.14385612463628e-22	-4.23586316318184e-23
0.453162440000000	1.15683570495374e-22	-4.22200785948473e-23
0.453662890000000	-8.13027846856030e-23	-3.84810816659413e-22
0.454162990000000	2.28658361547715e-22	-1.55381616312976e-22
0.454663270000000	-1.54364377824080e-23	-2.40482937848672e-22
0.454692410000000	-1.58650729735972e-24	-2.10275903074373e-22
0.455192680000000	7.00447160491547e-23	-3.17417946042731e-22
0.455692830000000	1.13771750532138e-22	-1.92979650113991e-22
0.456192980000000	1.38049523574429e-22	-2.50778320034008e-22
0.456692990000000	1.52028524576247e-22	-1.49833758654789e-22
0.457193360000000	-3.40812405800272e-23	-3.18639431405579e-22
0.457693470000000	2.01967206094644e-22	-2.37938657121603e-22
0.458193540000000	8.48082189751806e-23	-2.82451898178701e-22
0.458310800000000	-2.21814717179906e-23	-2.56281458178777e-22
0.458310870000000	-2.22488377970849e-23	-2.56253820812995e-22
0.458811160000000	3.94675732613261e-22	-1.31008052316441e-22
0.459311320000000	-6.73812167743566e-23	-1.96096664042585e-22
0.459811600000000	1.07887989341357e-22	-2.50486860548592e-22
0.460311760000000	2.70540520845249e-22	2.25614854974969e-23
0.460810890000000	1.54452361741015e-22	-2.46042776667893e-22
0.461311150000000	3.22511935802180e-22	-4.63706415304238e-22
