0.00995009000000000	3.40039415124100e-24	-7.42687639792022e-23
0.0104527400000000	7.54809904356191e-26	-5.28413503047726e-23
0.0109531000000000	-3.57325083699323e-25	-3.10389492995150e-22
0.0114564900000000	-1.68598625843532e-24	1.90715797259636e-22
0.0119570300000000	-2.32754388973483e-24	-3.70527921302045e-23
0.0124573100000000	7.40284731579907e-25	2.84027082193223e-24
0.0129581700000000	-4.72670900177128e-25	4.29392408992510e-22
0.0134589600000000	-5.70976699149867e-25	-6.57779967782001e-23
0.0139596300000000	-1.74436565655936e-24	6.48799638739164e-23
0.0144600000000000	2.42863675889668e-24	1.18746042108523e-23
0.0149503800000000	4.64693721955614e-24	-3.06713765476238e-22
0.0154520700000000	1.18291360774183e-24	4.95322327022251e-23
0.0159521700000000	2.32897955496015e-24	2.16797598705209e-22
0.0164527000000000	1.51947177775297e-25	-2.23721419952643e-22
0.0169527400000000	8.74368733910562e-25	-6.37413549598436e-23
0.0174527900000000	-4.83125654165592e-25	-3.85957222888457e-22
0.0179590500000000	-9.68370777986625e-25	-1.28722440869935e-22
0.0184598200000000	-9.05259842099662e-25	7.12445941642441e-22
0.0189604200000000	-4.54597074078659e-24	1.37891049467164e-22
0.0194609400000000	-1.37130983018800e-24	-1.82282881209734e-23
0.0199504400000000	6.44795169809887e-25	3.57747577613758e-22
0.0204516800000000	-8.45713763431333e-26	2.56030663991888e-22
0.0209545600000000	-1.48596211989782e-25	-4.58065809783560e-23
0.0214563100000000	-1.64531771912929e-24	3.48224418039902e-22
0.0219566100000000	-1.90614535869951e-24	8.54825862560087e-23
0.0224574400000000	2.03886175216993e-24	-2.33216812529546e-22
0.0229600400000000	8.40522035009287e-25	2.43476581791267e-22
0.0234629900000000	5.59099243053240e-26	-3.32605835498297e-22
0.0239663400000000	3.64059098985321e-24	-2.44288555801514e-22
0.0244696900000000	1.14158719024000e-24	-2.58538716047278e-22
0.0249517400000000	4.32925982968660e-25	1.00353161288986e-22
0.0254539800000000	1.41179040429522e-24	1.58442062439069e-22
0.0259562100000000	9.00301449786473e-25	-3.27570610789709e-22
0.0264584500000000	-1.60985387136247e-24	4.55871951280303e-22
0.0269589700000000	-4.21286400071894e-24	-2.33978181771184e-22
0.0274596800000000	-1.23706054811357e-24	-3.51944852109115e-22
0.0279622200000000	-7.71467509905076e-25	5.49148008943012e-23
0.0284647600000000	-4.34903830569143e-24	-4.42564935586536e-23
0.0289656900000000	-2.26890198848831e-24	1.66816479182013e-22
0.0294674500000000	-1.71181202859467e-25	-1.24995661354873e-22
0.0299534200000000	-6.57703193720628e-25	4.57582479960299e-23
0.0304543200000000	2.53949409605830e-24	-1.71720565756646e-23
0.0309544600000000	3.35683807758789e-24	1.92109533282508e-22
0.0314546500000000	3.07070319254467e-24	5.43547196951232e-23
0.0319557200000000	2.65520612059583e-24	-3.52040762972192e-22
0.0324587400000000	9.93269685269131e-25	4.55284349383397e-22
0.0329611100000000	3.24097049564445e-24	-1.17791804369019e-22
0.0334611500000000	1.75601301732643e-24	-2.68421209987993e-22
0.0339612200000000	-4.53857528244757e-24	-6.37108041334799e-23
0.0344619200000000	2.72051430484119e-24	5.59334329182912e-23
0.0349554600000000	-1.10318395565746e-24	1.55648147724096e-24
0.0354571100000000	-2.65168663428725e-24	2.63553199768413e-23
0.0359617000000000	1.60619503154444e-24	-9.53427641905352e-23
0.0364625800000000	-2.94277018930580e-24	-1.28353128143644e-22
0.0369626100000000	-9.72123600404058e-25	4.09338943142610e-23
0.0374633400000000	5.50566271183548e-25	2.22235136995596e-22
0.0379648800000000	-4.08471062448837e-25	-1.16518910524299e-22
0.0384669800000000	-3.41694157029404e-24	-1.78693264437327e-23
0.0389704200000000	4.14302520702663e-24	2.04117991400362e-22
0.0394709000000000	1.13469405269088e-25	-6.12993467455977e-23
0.0399569500000000	1.97980503117434e-24	-1.72981099269154e-22
0.0404574100000000	1.75959407844151e-24	2.20493344517793e-22
0.0409608200000000	2.50702472835513e-24	3.83128168403646e-24
0.0414631300000000	2.22061761785157e-24	-4.77264024256579e-23
0.0419642800000000	-3.70300191741360e-24	-7.18488935282841e-23
0.0424669900000000	-1.88226081533467e-24	-1.36410619357514e-22
0.0429672000000000	1.85885914808399e-24	-8.28902966245425e-23
0.0434707200000000	1.74671198076508e-24	-1.13631671088122e-22
0.0439745200000000	3.46101292785421e-24	8.66847014810418e-23
0.0444760200000000	-1.27546054191683e-24	1.12379855271902e-23
0.0449583000000000	2.08957670727392e-24	-1.02888513669112e-22
0.0454594300000000	3.43702467955210e-24	2.38504989784031e-23
0.0459616000000000	4.26455118960983e-24	1.35734518259766e-22
0.0464624900000000	-9.66867380474149e-24	1.36773285245483e-22
0.0469643200000000	-9.18738243165385e-24	6.30525986189693e-23
0.0474663000000000	-5.89923915266901e-24	2.71020797854419e-23
0.0479667700000000	4.22101456063245e-24	-6.44659705235579e-24
0.0484675500000000	4.86927088272370e-24	4.80001899416075e-23
0.0489694600000000	-8.21804590143890e-24	2.92626911339660e-23
0.0494707400000000	4.64167419398972e-24	1.43044465396447e-23
0.0499595500000000	8.52666855397312e-24	1.13399722032802e-22
0.0504622300000000	1.28106384930866e-24	1.05182139562801e-22
0.0509636300000000	-7.51888341826557e-24	1.79490560958171e-24
0.0514644600000000	-5.00434656351700e-25	1.17526258154803e-22
0.0519666100000000	4.03882118974670e-24	9.32926115633201e-23
0.0524706100000000	9.64981571005492e-24	1.46849950477338e-23
0.0529708300000000	6.90860578866992e-24	-3.28468860826205e-24
0.0534730700000000	8.34020383598358e-24	-1.06008223926075e-23
0.0539768300000000	-4.24914776564604e-24	6.75365343625931e-23
0.0544795700000000	-1.81110626525075e-24	2.69758611544473e-23
0.0549652200000000	-6.85789731512451e-24	2.81181386306760e-23
0.0554674600000000	-1.29535276927473e-23	9.15810685194064e-23
0.0559696900000000	-6.84178091971700e-24	1.13033351934105e-22
0.0564719300000000	1.58881764891532e-23	1.76686684087662e-22
0.0569762700000000	1.58567927825121e-23	1.33629120068000e-22
0.0574766400000000	1.98449994813128e-23	5.77707830142297e-23
0.0579793600000000	1.12244066619665e-23	6.24171822644238e-23
0.0584830900000000	5.77399599624057e-24	9.68089834830004e-23
0.0589845300000000	-1.09117038683066e-24	1.11126992683972e-22
0.0594859800000000	-1.14966321222985e-23	7.15132233317984e-23
0.0599643300000000	-1.31940518500678e-23	8.94220970052029e-23
0.0604657800000000	-1.24354469931634e-23	1.36219530047478e-22
0.0609676400000000	-2.65964274744339e-25	1.29125409089150e-22
0.0614720800000000	-7.22230026079246e-24	2.50394939084820e-22
0.0619762000000000	-9.80332818422712e-24	2.31745239469694e-22
0.0624790600000000	-3.90240382632748e-24	1.82586963530483e-22
0.0629824500000000	-1.98539861622830e-25	1.86182860933152e-22
0.0634837000000000	3.72423550331949e-24	2.37154365848049e-22
0.0639846600000000	5.95003188647595e-24	2.32162146280634e-22
0.0644861000000000	1.73593801001659e-23	1.85922911544770e-22
0.0649690200000000	-7.30998602603297e-24	1.25736292849837e-22
0.0654727900000000	2.45238162467413e-23	1.94562693018290e-22
0.0659730200000000	9.95097484788503e-24	1.40485299770101e-22
0.0664731600000000	2.05722335946932e-23	1.37415620663812e-22
0.0669731700000000	5.61257926138087e-24	1.16575737589143e-22
0.0674770000000000	4.03971888560994e-24	6.75523428839681e-23
0.0679813800000000	-8.18022276634920e-24	1.18766893282473e-22
0.0684817700000000	1.72835004938776e-23	1.17660912534288e-22
0.0689818000000000	-5.03401913869318e-24	1.40869724250220e-22
0.0694860200000000	-1.13427307546115e-23	1.37090437629107e-22
0.0699464600000000	2.75931939605565e-24	8.94047750398996e-23
0.0699509800000000	2.38566078473641e-24	9.01254044450877e-23
0.0704510100000000	-2.48106154915389e-23	1.26565407341747e-22
0.0709522200000000	-2.88698892393827e-23	1.55718193927663e-22
0.0714570200000000	-1.78963513022293e-23	1.31362347271505e-22
0.0719593800000000	-2.74136709918055e-23	1.44258817804078e-22
0.0724637700000000	-3.64904618301995e-23	1.40078786138343e-22
0.0729683000000000	-2.48039362454229e-23	9.88209662117418e-23
0.0734725000000000	5.70482480308193e-24	1.38481658807251e-22
0.0739740600000000	9.51440622899479e-24	1.01358771861790e-22
0.0744746400000000	2.12746303755976e-23	6.35310186616063e-23
0.0749480700000000	2.72682053726095e-23	8.04510625173686e-23
0.0754501600000000	3.88753837172578e-24	7.38412987093367e-23
0.0759516000000000	2.63394984923491e-24	1.06724663003642e-22
0.0764530300000000	2.28352892173429e-23	7.28671561034352e-23
0.0769545100000000	2.53733703336309e-23	5.36498728850757e-23
0.0774570100000000	9.17345356226686e-24	5.62843866299071e-23
0.0779623600000000	2.86501222734126e-23	7.39805420322965e-23
0.0784652300000000	1.53685499378481e-23	8.26256481061898e-23
0.0789653500000000	1.39035102890444e-23	1.17293800297134e-22
0.0794666100000000	-1.52060280972506e-24	1.43357469582581e-22
0.0799499000000000	-2.68726423340714e-23	1.06051945279472e-22
0.0804539100000000	-5.86861638100510e-23	6.88261668323437e-23
0.0809569100000000	-3.81252956283267e-23	5.07884786637335e-23
0.0814575000000000	-3.89868568024845e-23	3.30916977909411e-23
0.0819597800000000	-6.15203225222429e-23	4.98290816035999e-23
0.0824601500000000	-6.08009991511086e-23	6.25415633735612e-23
0.0829609500000000	-3.52705417637489e-23	4.67299308504506e-23
0.0834624800000000	-6.16624047678605e-24	6.50869880957195e-23
0.0839633000000000	-2.18227271729624e-24	9.53622153478318e-23
0.0844678500000000	6.38653893055970e-25	8.41967552203650e-23
0.0849500500000000	-3.54631996109610e-24	8.31159618088198e-23
0.0854531700000000	1.42447708298048e-23	5.06320300435248e-23
0.0859548400000000	1.60942900519760e-23	4.12413924163817e-23
0.0864548800000000	1.08554957923067e-23	-8.13390230796200e-25
0.0869611000000000	-1.25483784290704e-23	4.50069964673338e-23
0.0874638300000000	-1.61567107018742e-23	7.72072401359492e-23
0.0879662400000000	-9.41830091915973e-24	6.80912682759432e-23
0.0884688500000000	8.98772774195537e-24	1.33241140452999e-23
0.0889725900000000	2.17111082526677e-23	5.55500033574136e-24
0.0894750300000000	-1.28422393319402e-23	2.09900478238341e-23
0.0899574400000000	-1.69321611295263e-23	4.92174590505991e-23
0.0904576500000000	-4.73226855864270e-23	4.38103776039759e-23
0.0909632600000000	-2.82203981803821e-23	1.47686006718486e-23
0.0914636000000000	-7.58279806741637e-24	2.79306563079895e-25
0.0919672400000000	-3.28534356975649e-23	3.12482096590280e-24
0.0924709200000000	-4.38209230997845e-23	-1.75458091695832e-23
0.0929750800000000	-1.27896155578346e-23	-1.92195971347722e-23
0.0934770100000000	-9.77077779704171e-24	-8.97365303750035e-25
0.0939811900000000	-1.12659534524601e-23	4.06263087110995e-23
0.0944824300000000	-5.04461713512625e-23	3.32693378669249e-23
0.0949623000000000	-5.18332702581497e-23	-2.15334163242153e-23
0.0954035400000000	-2.84509472190490e-23	-4.49140833250991e-23
0.0954067300000000	-2.80520526594011e-23	-4.49520425729189e-23
0.0959134600000000	-1.76702194457342e-23	-3.75824164856182e-23
0.0964134900000000	3.02748415993768e-24	-1.29785108602913e-24
0.0969209900000000	-2.74860570380195e-23	2.68838813566480e-23
0.0974238500000000	-3.59781594400890e-23	5.98469202097894e-24
0.0979267000000000	-9.97587051438825e-24	-3.10148411423792e-23
0.0984277200000000	-6.95050258332672e-24	-5.53328030886409e-23
0.0989301300000000	-2.25653193393966e-24	-1.37375499816206e-23
0.0994314200000000	-4.74312354887344e-24	1.06121878055764e-23
0.0999351000000000	-2.25574410049434e-23	2.72776295587839e-23
0.100406830000000	-3.03899216719528e-24	1.06868488788517e-23
0.100915390000000	8.98602309204901e-24	-1.61408276425756e-23
0.101421880000000	-3.12578444958562e-23	-3.65259613265385e-23
0.101932830000000	-2.53311527018244e-23	-4.86294552970613e-23
0.102437470000000	-2.11514029838873e-23	-5.10850585804273e-23
0.102942780000000	-4.42493638442163e-23	-2.23401921244813e-23
0.103443140000000	-4.67394295745486e-23	-1.55212684210943e-23
0.103943560000000	-4.17316121364124e-23	-3.44816647874998e-24
0.104450830000000	-1.01764455854050e-23	-2.00396179999951e-24
0.104954500000000	2.45679005674187e-23	2.90218785472888e-23
0.105408690000000	2.64085821844669e-23	5.06967192389259e-23
0.105911890000000	-1.04106405007727e-23	6.90275780244172e-23
0.106415770000000	-2.46856996538188e-23	3.56732118312693e-23
0.106918710000000	-3.24310390065083e-23	-9.34309215418444e-24
0.107421040000000	-1.14836139118919e-23	-1.00486195278827e-23
0.107924940000000	2.92261837552679e-23	-5.63799021179114e-24
0.108425510000000	2.01351140433237e-23	-1.65234048785000e-23
0.108929770000000	-2.65631090225568e-23	-3.96528434280695e-23
0.109431650000000	-3.94733917564628e-23	-5.91066808491195e-23
0.109937850000000	-1.13438617865836e-23	-7.57484649135124e-23
0.110412860000000	1.85850979207656e-23	-6.23549625428415e-23
0.110914880000000	3.75506179592280e-23	-8.02529439570534e-23
0.111414940000000	1.79252849797274e-23	-3.47769905226085e-23
0.111919750000000	-1.02499659043704e-23	8.87908709782788e-26
0.112421290000000	1.82749974728753e-23	-7.22055023997604e-24
0.112923400000000	2.52958670969186e-23	-5.41899746799330e-23
0.113429330000000	1.60993845570193e-23	-6.33289852399093e-23
0.113930240000000	2.39573053414526e-23	-8.42061307948500e-23
0.114432840000000	-1.85295120743893e-24	-1.24901811627424e-22
0.114934580000000	-1.34239721775524e-23	-1.14320994565372e-22
0.115414800000000	1.79921876273833e-23	-7.58511943762156e-23
0.115916710000000	9.74714927524076e-24	-1.08100007604045e-22
0.116419960000000	2.19710868080641e-23	-1.07634242804534e-22
0.116926580000000	8.07432706228006e-24	-7.77438224444979e-23
0.117427140000000	-1.71926452464918e-23	-5.18697290251585e-23
0.117929340000000	-6.58423943034650e-24	-6.59376829369191e-23
0.118432340000000	6.16392980115251e-25	-8.73344031906963e-23
0.118934400000000	1.81121288688938e-23	-9.23250056092458e-23
0.119434590000000	1.42965617236330e-23	-1.12345214582075e-22
0.119935430000000	1.89951796505214e-23	-1.26165922960268e-22
0.120416420000000	3.88027286863628e-23	-6.96995892587017e-23
0.120917870000000	2.18499626821128e-23	-8.60355831116595e-23
0.121418790000000	2.03108161332922e-23	-7.37012322284373e-23
0.121922130000000	1.32961137122372e-23	-7.81306710275261e-23
0.122424400000000	4.11207965374546e-23	-7.50551941670877e-23
0.122930940000000	3.19054137727381e-23	-6.47668185465762e-23
0.123432400000000	3.22525206793371e-23	-4.73753903800148e-23
0.123933430000000	2.59687598231699e-23	-3.38583624659389e-23
0.124435010000000	3.31522971228786e-23	-4.17315538023851e-23
0.124936250000000	1.62164220602863e-23	-4.14727257236367e-23
0.125417240000000	3.24679774088520e-23	-6.72855781367392e-23
0.125919060000000	4.18278081880675e-23	-5.82984142903803e-23
0.126425100000000	5.73163641830120e-23	-6.35102323032424e-24
0.126932640000000	5.71660600803365e-23	-5.98368413861985e-24
0.127436270000000	3.79974695708044e-23	4.98441382641797e-23
0.127941860000000	2.70603579928668e-23	6.73986359630385e-23
0.128443790000000	2.27319926182641e-23	6.73790908231426e-23
0.128946300000000	7.07364571477547e-24	4.68733547786941e-23
0.129447820000000	-1.27541743955228e-23	5.76636752587062e-23
0.129948130000000	6.54166531281816e-24	2.80632236256126e-23
0.130420190000000	4.47506832333141e-23	-3.88414203503021e-23
0.130927060000000	4.26686834680194e-23	-3.01847544166826e-23
0.131429790000000	3.31518758215710e-25	-3.58784860322560e-23
0.131934300000000	6.18927593597699e-24	-6.58089235349614e-23
0.132436100000000	-3.81733985153232e-24	-4.25940483209784e-23
0.132938390000000	-8.45646679300036e-24	2.64565165509404e-23
0.133438630000000	1.25153095171986e-23	-2.02532339668734e-23
0.133946890000000	-2.13062247328926e-23	-4.98088947894046e-23
0.134450930000000	-6.76991761120243e-23	-4.76330744636741e-23
0.134952080000000	-1.77432504070269e-23	-7.69925611934639e-23
0.135425900000000	4.13698407035276e-23	-1.05088578264709e-22
0.135929950000000	6.10651777564643e-23	-9.95569471884250e-23
0.136430190000000	4.45431404868245e-23	-6.59444432025173e-23
0.136931170000000	6.80820417773055e-23	-1.39221804185321e-23
0.137433190000000	5.12522536247605e-23	-1.59454442999809e-23
0.137939080000000	1.01660955085876e-22	-6.95387007708662e-23
0.138445890000000	8.20146445420332e-23	-8.28185068817178e-23
0.138951430000000	1.07926036090217e-22	-4.95340929095373e-23
0.139453550000000	8.26677425883832e-23	2.39252799605122e-24
0.139946920000000	4.35289937013714e-23	-8.30235801543886e-25
0.139950120000000	4.34727726622543e-23	-8.12204105576182e-25
0.140454240000000	1.47166185720424e-23	1.56171922472892e-23
0.140957680000000	-6.60826656800009e-24	-6.22401384918293e-24
0.141463580000000	-2.57006436709772e-24	-2.85689342706479e-23
0.141968340000000	2.04147544066704e-23	2.22563045525683e-23
0.142471100000000	9.90326668780600e-23	5.60480009477395e-23
0.142971860000000	6.61430316758295e-23	5.19699079945606e-23
0.143473280000000	3.74706128409040e-23	1.76686768347923e-23
0.143976000000000	2.39565534806574e-24	-2.18639822933199e-23
0.144476350000000	2.33970880295445e-23	-3.34272999310618e-23
0.144947150000000	6.44617024172334e-23	4.28009396708307e-24
0.145450690000000	7.72417414722670e-23	1.95462644463913e-23
0.145954100000000	7.82340972577765e-24	-1.36758358216074e-23
0.146456900000000	3.60665354913182e-24	-3.48073955139041e-24
0.146959540000000	1.74461357617502e-23	-1.55500659858623e-23
0.147461690000000	3.92083251775817e-23	-1.65688146779068e-23
0.147962800000000	1.47843605815343e-23	-4.66658638846732e-23
0.148463700000000	4.39782953420907e-23	-5.21709302931194e-23
0.148966500000000	5.85564030072928e-23	-3.30317077255101e-24
0.149468470000000	6.63157230818380e-23	1.19431207665944e-23
0.149951030000000	1.02761245025628e-22	1.26661289037811e-23
0.150455520000000	6.91337524355052e-23	-4.81280192399091e-23
0.150958620000000	8.48257807581513e-23	-7.36924432350037e-23
0.151460550000000	1.03186782031816e-22	-1.38218031134374e-22
0.151960950000000	1.56007115882895e-22	-1.42059560162525e-22
0.152462030000000	2.00703422080508e-22	-1.14553906132141e-22
0.152964900000000	1.88845268065330e-22	-1.30736491215864e-22
0.153470530000000	2.14433320582225e-22	-7.53252936762057e-23
0.153973140000000	2.14648650921348e-22	-4.69407273393469e-23
0.154476370000000	2.43259942177312e-22	-2.95927969124114e-23
0.154952660000000	2.23504968303887e-22	-6.13576062348881e-23
0.155455550000000	2.07513715588646e-22	-4.88442735930561e-23
0.155957100000000	1.05179939073664e-22	-1.66692042979628e-23
0.156461500000000	6.58196472736309e-23	6.80895085327889e-23
0.156962670000000	6.90686613834723e-23	6.05051257242999e-23
0.157463790000000	5.41446718262427e-23	5.31306190233890e-23
0.157965150000000	1.88717772567295e-23	9.10448362150211e-23
0.158467460000000	-4.23877662376325e-23	6.01870853671499e-23
0.158972320000000	-2.98912726849897e-23	7.23328650258443e-24
0.159474040000000	1.30219878589298e-22	-1.63025133621163e-23
0.159954750000000	1.86824386156659e-22	-6.70731969067703e-23
0.160456790000000	1.86798657609878e-22	-1.38377918221409e-22
0.160959670000000	8.60480795566005e-23	-4.32975015959312e-23
0.161460820000000	4.79322243183446e-23	1.00419509763383e-22
0.161961180000000	1.53504547226063e-22	1.31887596574877e-23
0.162463980000000	1.76023999816173e-22	-1.10691581023289e-22
0.162964490000000	1.36703634416989e-22	2.36398223983405e-23
0.163466710000000	1.15021135763890e-22	1.82106712447547e-22
0.163967130000000	1.25824033708326e-22	1.96909749640128e-23
0.164469050000000	3.30919829795186e-23	-7.24025709475858e-23
0.164954810000000	4.78011931301048e-23	-2.66130948023206e-23
0.165457340000000	1.90409025092076e-22	-7.41857092875667e-23
0.165959130000000	2.14865384517903e-22	-2.12001300449750e-22
0.166459700000000	1.17161628354584e-22	-1.34255053902344e-22
0.166962440000000	6.03759677064895e-23	-7.91000432063132e-23
0.167463860000000	1.49977383511348e-22	-1.35444818517504e-22
0.167964670000000	2.42819448974702e-22	-2.13904538829427e-22
0.168465520000000	1.93356812007722e-22	-1.08055680224921e-22
0.168965610000000	5.67983547805724e-23	5.64577683219042e-23
0.169465860000000	-1.92626696841553e-22	2.90015429813241e-22
0.169955120000000	-1.18740905473349e-22	2.69896393275973e-22
0.170455750000000	7.09441230438572e-23	-4.06472700715450e-23
0.170956980000000	1.78729833390832e-22	-5.94252300086180e-24
0.171458820000000	3.41180201841856e-23	2.57823281611291e-22
0.171959240000000	1.42920732443168e-23	2.68312151283337e-22
0.172460590000000	3.19928078678425e-23	1.18700739254833e-22
0.172960730000000	1.45498205231722e-22	-7.72465118993814e-23
0.173461750000000	8.21105327196559e-23	-1.61892840985926e-22
0.173962490000000	6.31333296718542e-24	-1.19617137655351e-22
0.174462680000000	9.50476717915353e-23	6.00836364514445e-23
0.174955750000000	1.73419430871978e-22	1.08647080315155e-22
0.175456010000000	3.16020217379774e-23	-1.86380762361255e-22
0.175956650000000	1.58659713176163e-22	-3.72120482375118e-22
0.176457260000000	3.52308506434767e-22	-2.62647184824738e-22
0.176957590000000	9.43641460684346e-23	1.51496028890382e-23
0.177458030000000	-7.38380773747228e-23	1.71041039155189e-23
0.177958490000000	1.03022834248331e-22	-8.41846120203666e-23
0.178458870000000	2.18979835773933e-22	8.09054586631313e-23
0.178959420000000	1.16594845223835e-22	1.58247836054680e-22
0.179459870000000	-1.44554386597634e-22	1.15821520747397e-22
0.179956350000000	-5.91551078140450e-23	3.66350514667534e-22
0.180456460000000	2.64740076849226e-22	4.02163776775806e-22
0.180956940000000	7.85670743666725e-23	8.01073519474652e-23
0.181457960000000	-6.58997301706578e-23	-2.64802708149778e-22
0.181959160000000	-8.66894200556876e-24	7.19661676084393e-23
0.182459330000000	9.96529909234536e-24	1.11847022544992e-22
0.182959590000000	2.62169636551730e-22	-5.45256024222100e-22
0.183459940000000	9.65111526255007e-23	-3.89615861778174e-22
0.183960370000000	-8.20658909849407e-23	-1.22100462564761e-22
0.184460400000000	1.92334164658192e-22	7.72479721945293e-22
0.184956870000000	-2.56524889315120e-23	1.45679510629082e-25
0.184973430000000	-4.55753708207140e-23	-4.71317485930177e-23
0.184974090000000	-4.59662412108407e-23	-4.82970874546717e-23
0.185474670000000	-1.08843614134397e-23	-5.60422067584475e-22
0.185975080000000	1.22067043648726e-22	6.88842435416821e-22
0.186475210000000	-1.56508435271993e-22	5.81085370317987e-22
0.186975970000000	5.49478341576007e-23	-3.56468970275151e-22
0.187476360000000	3.27924160365535e-22	7.49199207987578e-23
0.187977250000000	1.99363722811511e-22	4.61638279592744e-22
0.188477360000000	-1.08654935964153e-23	-1.72034406063836e-22
0.188978590000000	2.08759535963180e-22	-8.15410817793956e-22
0.189479170000000	2.70954912811460e-22	-6.57284630871472e-22
0.189974770000000	6.45838622962457e-22	7.52530469835011e-23
0.190475050000000	5.26397456381756e-22	9.58360464469946e-22
0.190975490000000	-5.04612510213752e-22	-7.19250505452796e-22
0.191476100000000	1.15798955201203e-22	-6.68154078218620e-22
0.191976550000000	3.96992309705880e-22	4.70251771864667e-22
0.192476620000000	-2.25457411435518e-22	4.78013068814579e-22
0.192977130000000	-4.13637467421513e-22	4.27756379346825e-22
0.193477420000000	2.37221890725328e-22	-3.50175114391496e-22
0.193977470000000	2.47506040369646e-22	-2.11073575525615e-24
0.194477530000000	-2.16201998565016e-22	9.13888805851913e-22
0.194975180000000	-1.84788635552607e-22	1.45923288528809e-22
0.195475530000000	3.47598056422692e-22	-3.78973333796888e-22
0.195976400000000	-1.06136370820747e-22	3.61823181648442e-22
0.196476600000000	-1.88333545774712e-22	3.29688184589266e-22
0.196977380000000	5.26540267802713e-23	-3.40395032317114e-22
0.197478180000000	3.93974304825364e-22	-2.32565671913887e-22
0.197978530000000	2.24827352089139e-22	4.69483107628848e-23
0.198480100000000	3.66587927676737e-22	9.55879485884742e-23
0.198981340000000	5.52968352996946e-22	-6.98856809629950e-22
0.199482260000000	2.81255256629889e-22	-2.95397550777775e-23
0.199975840000000	1.25841271413368e-22	7.65455546726375e-22
0.200476510000000	1.23275679321690e-22	-2.48063554871627e-22
0.200976610000000	8.33338069926712e-23	-1.61246260146728e-22
0.201477080000000	-1.15976925836675e-23	5.20952055960812e-22
0.201977280000000	2.01661905240882e-22	-4.41023727902087e-22
0.202477450000000	1.58765453322826e-23	-1.21055735785930e-22
0.202977890000000	-2.66891302900927e-22	1.82423472696878e-22
0.203478670000000	-1.84426572449586e-22	-1.41063451554598e-22
0.203978800000000	2.15318221848827e-22	2.23544408587842e-22
0.204374620000000	1.00671976192386e-22	4.17406522902409e-22
0.204375760000000	9.90607255451499e-23	4.16857978877502e-22
0.204876900000000	-5.11510369578298e-22	2.72309623370127e-23
0.205377760000000	2.70553898782157e-23	1.45277991038210e-22
0.205878240000000	-4.11776268430782e-23	4.78851422768243e-22
0.206378620000000	-2.74183662328403e-22	-2.21837185502721e-22
0.206879860000000	-4.85161738569910e-23	-2.01800986524877e-22
0.207379950000000	2.78315490642984e-22	2.44499663405222e-22
0.207879970000000	1.15827522670642e-22	-2.57434475597572e-22
0.208381110000000	3.76364337948184e-24	-6.54141402279203e-22
0.208882040000000	6.50079438684549e-22	-8.75774000626148e-23
0.209374800000000	6.94813033288669e-23	-7.25603126387310e-23
0.209875170000000	-5.75227791383087e-23	-5.98326802255906e-22
0.210375460000000	1.14254539145258e-22	-3.94810707829897e-22
0.210875580000000	3.17693331262871e-22	-3.44600257801047e-22
0.211376270000000	2.53027226414279e-22	5.41717971488972e-23
0.211876650000000	-4.35886788094712e-22	4.57307622987184e-22
0.212377600000000	2.75172307421626e-22	-8.93204152864441e-22
0.212877810000000	2.12398075539743e-22	5.90344215173758e-22
0.213378440000000	-3.07325601920672e-22	4.77300871917103e-22
0.213879560000000	2.43908243870313e-22	-6.39244589897097e-23
0.214374810000000	2.60813833850443e-22	3.24824040619378e-22
0.214876090000000	9.59067991404466e-23	5.81842474694081e-22
0.215376740000000	1.16434527113155e-22	2.16885171043174e-22
0.215877660000000	-1.11615157749933e-22	1.93764531209376e-22
0.216378500000000	-5.94437118488290e-22	2.34495688852834e-22
0.216879120000000	6.44709736386253e-22	4.80354949911891e-23
0.217379430000000	-4.61648449158155e-22	-2.59332473637137e-23
0.217880730000000	-3.21196231263044e-22	-1.86002809717377e-22
0.218380760000000	4.41988644009351e-22	-7.10581077330334e-23
0.218882400000000	-9.16325645023192e-23	-2.19742303639750e-23
0.219376990000000	-2.24663229303572e-22	-4.96181036310634e-22
0.219878670000000	3.02558707255709e-22	-6.19047891324932e-23
0.220380870000000	3.01972541024029e-22	-8.48909139403151e-23
0.220881690000000	-1.15607736259996e-23	-1.39866881302929e-22
0.221383000000000	9.80072259767823e-24	-4.32227562623944e-23
0.221883200000000	1.41104321022220e-22	-1.11283528805222e-22
0.222383700000000	-1.42673859599219e-22	3.48343231490220e-23
0.222884390000000	1.50978401899899e-22	2.05251512290950e-22
0.223384430000000	2.16697536403861e-22	-3.12402178972997e-22
0.223884460000000	4.59643946148015e-22	2.48292768709226e-22
0.224377620000000	-7.18863410570541e-22	5.72181744039378e-22
0.224878590000000	3.10796625615752e-22	7.00342969437384e-23
0.225379690000000	6.23645688608119e-22	-2.33618111747427e-22
0.225879800000000	-5.63947562297856e-22	2.50416020354099e-22
0.226381460000000	-2.11683953619368e-22	1.75392670084312e-22
0.226882460000000	5.65153255343225e-22	2.95136149520270e-24
0.227382710000000	-4.36938009395239e-22	1.80964324784823e-22
0.227884100000000	-3.50811603443987e-22	1.42340879249544e-22
0.228384470000000	2.08813037988473e-22	2.54064262823855e-23
0.228643550000000	6.84950434492013e-23	9.17559928223455e-23
0.228645660000000	6.61867044175371e-23	9.15002305208050e-23
0.229146190000000	-3.67391125656667e-22	1.74299950604981e-22
0.229646360000000	-2.36590081358132e-22	5.57151437476772e-23
0.230147630000000	2.20408040725330e-22	-7.72859132939852e-23
0.230648020000000	-3.38144738883307e-22	1.06200512324448e-22
0.231148180000000	-1.88279661337463e-22	2.24335923558433e-22
0.231649660000000	3.74763133716745e-23	-1.47973139763551e-22
0.232151990000000	1.09593760557355e-22	1.18915732552909e-22
0.232652300000000	-1.45694421454594e-22	1.47180681726186e-22
0.233154580000000	-6.39194876342794e-23	-2.27364872550609e-22
0.233644180000000	8.43664164977376e-23	9.11932088132399e-23
0.234144990000000	-2.95414911632429e-22	1.82300715218165e-22
0.234645790000000	-8.03502937261357e-24	-3.51876507314675e-22
0.235147490000000	-1.56556214081060e-24	-1.10984129410546e-22
0.235647940000000	-9.40744203999385e-23	1.94017999039179e-22
0.236150970000000	-2.09822799999547e-22	-2.48195814315217e-22
0.236652850000000	-3.85583966133770e-23	-1.38221297839898e-22
0.237153210000000	2.92915794405541e-23	4.99445246434564e-23
0.237654880000000	-1.42927389003829e-22	-1.77814433150335e-22
0.238154880000000	-4.44216566343721e-23	9.14499757563601e-23
0.238647360000000	4.78990873501078e-23	1.32345272389281e-22
0.239147450000000	-3.18054713802240e-23	5.53165635436204e-23
0.239649090000000	-1.44089820886460e-22	-4.47766386346450e-23
0.240150230000000	8.88071461718715e-23	2.68419323854446e-22
0.240650390000000	-7.81590829395586e-23	1.00252693890227e-22
0.241150940000000	-2.83539273612984e-22	-1.61157245661978e-22
0.241651040000000	3.97629877937874e-23	1.59256745740801e-22
0.242152010000000	-7.43953974299460e-23	2.16690008073571e-23
0.242652180000000	-2.49671924466075e-22	2.91770503004573e-23
0.243152500000000	4.93559181049708e-23	2.46950386074978e-22
0.243646170000000	1.07544969057442e-23	2.61640138586709e-22
0.244146780000000	-3.95933615168311e-22	-2.21200683487114e-22
0.244647260000000	1.63602057150310e-22	2.24488664727134e-22
0.245147330000000	-2.36622693320124e-22	3.02145679657579e-22
0.245648290000000	-2.85594792970703e-22	-9.82554113363435e-23
0.246148570000000	2.75067870068237e-22	1.97852142331328e-22
0.246648910000000	-6.41613084273936e-22	4.74570097305030e-22
0.247150050000000	-2.31254721597969e-22	-1.64395124454180e-22
0.247650790000000	6.15924168983208e-23	1.53781196350125e-22
0.248151670000000	-1.83251896902799e-22	3.02053333651720e-22
0.248647040000000	-3.77874330446514e-22	-2.39045956866959e-22
0.249147150000000	3.89238732292236e-22	7.72106332318655e-23
0.249647720000000	-5.48679564019028e-22	-2.34744227457338e-23
0.250148050000000	2.45302579437354e-22	-2.07608874590929e-22
0.250648800000000	3.92707296235835e-23	3.04360434705696e-22
0.251149550000000	-3.56699029956145e-23	-3.69798097806012e-23
0.251649930000000	5.03716399091587e-23	-2.18450237344753e-24
0.252150000000000	-3.56059429755537e-23	-5.16078481323191e-23
0.252650160000000	6.47745996576507e-23	-1.94792853163442e-22
0.253150950000000	3.56246455128343e-23	4.00000653823333e-22
0.253647790000000	-1.56066710573253e-22	-2.05799537791170e-22
0.254147850000000	1.51918409377542e-22	-2.41949792333878e-22
0.254648210000000	6.21552009074264e-23	2.55866560650997e-22
0.255149020000000	-1.29315422460462e-23	-4.23548464016081e-24
0.255649810000000	2.54605959082123e-23	1.36435618728954e-22
0.256150490000000	5.18685591038349e-23	6.72593926400787e-23
0.256651700000000	-1.54252029728445e-22	1.15400358793250e-23
0.257151900000000	-1.77385240545108e-22	1.96375873382286e-22
0.257652160000000	-1.44355046263526e-22	9.52124297698427e-23
0.258152990000000	-2.63465118628099e-22	7.07764710496442e-23
0.258153950000000	-2.63922784720165e-22	7.07693996692341e-23
0.258154920000000	-2.64379893398193e-22	7.07624255122028e-23
0.258655360000000	-3.64538248203298e-22	7.59690291111878e-23
0.259155470000000	-2.99476288646032e-22	1.04050245543417e-22
0.259655730000000	-8.10177082390758e-22	1.81294424081710e-22
0.260156890000000	4.11249515405819e-22	3.84565645224591e-22
0.260657660000000	-8.74788515292732e-22	-4.49800915176710e-23
0.261157880000000	3.61438235402857e-22	1.93955704779673e-22
0.261658110000000	-4.15353129495904e-22	2.35037582798638e-23
0.262158330000000	-7.50322397273790e-24	-1.45282440628174e-22
0.262658600000000	1.91887458881684e-22	2.38419734603258e-22
0.263153970000000	-3.59123985189769e-22	1.80091660700818e-23
0.263654760000000	4.68159800221498e-23	4.51270414137816e-24
0.264155350000000	2.03801030222715e-22	-1.00103144889126e-22
0.264656180000000	-2.31652763832663e-22	-1.65658331609603e-23
0.265156330000000	1.01277561173570e-23	-2.97014573252926e-22
0.265656980000000	7.09113393205629e-23	3.76855507216546e-22
0.266157540000000	-7.79071836469314e-23	-1.45267795546564e-22
0.266658420000000	-5.75139156069515e-24	-8.77684634464163e-23
0.267158760000000	4.47354535151202e-22	5.77495303077260e-22
0.267659080000000	-5.05648684576037e-22	-5.75579231211596e-22
0.268154020000000	3.27235660046225e-22	4.63854953182201e-22
0.268654510000000	4.90586129018719e-22	5.72134370327722e-23
0.269155590000000	-5.54056733072808e-22	-7.11972084617044e-23
0.269656140000000	-1.54536696540470e-22	3.10076699459670e-22
0.270156250000000	4.65702758032127e-22	-3.23216909002619e-22
0.270656290000000	-6.98645744156372e-22	3.27747738822564e-22
0.271156320000000	2.82675725841121e-22	-1.77381717818020e-22
0.271657330000000	-3.41942465538578e-23	1.12984539316444e-22
0.272158570000000	-4.59768745317680e-22	1.28367089420823e-22
0.272658850000000	1.46993867004033e-22	2.37266558386278e-22
0.273154630000000	-1.11914090472391e-23	1.01020094222124e-22
0.273654670000000	-1.41797640380334e-22	-2.91531271918189e-22
0.274155160000000	-9.09174184956893e-23	7.25667190112308e-22
0.274655950000000	-9.87924538355513e-23	-4.61541393255101e-22
0.275156160000000	2.84192167490239e-23	-2.23294191259666e-22
0.275656620000000	-1.52199926152098e-23	4.81717571212804e-22
0.276045780000000	2.02445033074671e-23	-2.10360179539801e-22
0.276046930000000	2.04882358362843e-23	-2.12168057988879e-22
0.276547970000000	-9.54605243875838e-24	1.98947166004735e-22
0.277048180000000	9.87910278926638e-23	2.17169163773107e-22
0.277548660000000	-3.27571116351278e-22	8.04295275389888e-23
0.278048680000000	2.72654899236427e-22	-1.41481175041919e-22
0.278548820000000	-1.78607646289274e-22	2.10232298389031e-22
0.279049410000000	-1.64994869551085e-22	1.05538732230381e-23
0.279549570000000	1.57800070543344e-22	-1.02234634594953e-22
0.280050500000000	-2.59005718824477e-22	6.58672575621753e-23
0.280551060000000	1.17208104370377e-22	-5.95715868421186e-23
0.281045920000000	2.48791158433846e-23	-5.00351011838233e-23
0.281546960000000	-9.29777795776668e-23	4.31983493054080e-22
0.282047910000000	1.67918483494009e-22	2.50288414669569e-22
0.282548040000000	-6.09831730773186e-23	-3.40043874436403e-22
0.283048520000000	1.01929314296515e-24	5.72951419398336e-22
0.283549220000000	1.42569506506092e-22	-2.06029571545930e-22
0.284049720000000	9.11468008538119e-23	-1.07739470908070e-22
0.284550390000000	7.81928907491084e-23	4.14412639142146e-22
0.285051470000000	9.38809361540075e-23	-3.57743565528997e-22
0.285552000000000	4.23649576329919e-24	2.74304216077200e-22
0.286046550000000	-3.06750097852855e-23	2.97008059286554e-22
0.286546730000000	-1.75780970536462e-23	-2.51670266754786e-23
0.287047070000000	-1.39490937942211e-22	4.60990852910151e-22
0.287547480000000	2.82746180382879e-22	-2.60385250511723e-22
0.288047560000000	-2.86788718746471e-22	2.72266815916489e-22
0.288547740000000	1.77181936737929e-22	2.63953523511727e-22
0.289048580000000	-2.00180311691466e-23	1.15345589623255e-23
0.289549170000000	-1.56549923728459e-22	1.95961212431394e-22
0.290049320000000	-3.40759581097850e-23	-1.38198894332669e-22
0.290549750000000	-2.38819235188633e-22	1.93320813431373e-23
0.291046940000000	7.79137300210965e-23	1.35830192545955e-22
0.291547020000000	-5.24137813299698e-23	-1.93968428079165e-22
0.292047460000000	-1.59633752077127e-22	-1.70466241577256e-22
0.292539550000000	2.67748249205376e-22	1.31665648564445e-22
0.292540230000000	2.67101535494227e-22	1.31382709087782e-22
0.293040660000000	-2.23524027326889e-22	-6.36580377650855e-23
0.293540700000000	8.98538401037308e-23	-2.77425961543557e-22
0.294041080000000	1.92892654634739e-22	4.59373538764864e-22
0.294541230000000	-1.54414081656046e-22	-4.52406219777803e-22
0.295041340000000	2.19803026121301e-22	5.39509801704372e-22
0.295542270000000	-1.52766563447779e-22	-8.39841892659765e-23
0.296042330000000	2.30099656006663e-22	-1.42811686701629e-22
0.296543170000000	-2.55286555140746e-24	6.96561184175439e-22
0.297044060000000	8.49081062744467e-23	-3.45627753356395e-22
0.297540110000000	-6.59628216618690e-24	7.68342873663593e-22
0.298041410000000	1.42593339196988e-22	-1.21185590571288e-22
0.298542050000000	-1.32674457786408e-23	2.06021135797439e-23
0.299042270000000	-7.26158822812109e-23	2.45732562792728e-22
0.299543270000000	8.40247638226831e-23	-4.05117060053128e-22
0.300045560000000	-2.12726441019710e-22	3.35248772028503e-22
0.300545840000000	4.56317603803542e-23	-2.70057855381743e-22
0.301046350000000	-1.49317486310049e-22	1.12075853970635e-22
0.301547260000000	-1.47048253762073e-23	2.04559447114421e-23
0.302047390000000	1.09070915912216e-22	1.52159296502143e-22
0.302540500000000	-5.49216713463953e-23	3.38316033513442e-23
0.303040620000000	1.59065873562978e-23	9.98470293426431e-23
0.303540870000000	-2.58281647711683e-22	2.81956003854135e-22
0.304041240000000	2.66513755354460e-22	-2.07362273972440e-22
0.304542230000000	-3.07159233275058e-22	4.76521065882085e-22
0.305042450000000	8.71965890514032e-23	-3.29222008210785e-22
0.305543000000000	-1.30461491648460e-23	1.99272018479951e-22
0.306043090000000	-8.92806110629747e-23	2.17678669370690e-22
0.306543410000000	1.38697352113654e-22	-3.98334925676237e-22
0.307043980000000	-3.20184071075295e-22	5.10013755016875e-22
0.307541240000000	1.10278650648537e-22	-4.21778758706256e-22
0.308041940000000	-1.25665216078456e-22	1.05991880676117e-22
0.308542410000000	2.18758069247141e-22	3.41382825085384e-22
0.309043260000000	1.40186065655169e-23	-5.52582722946930e-22
0.309543410000000	-2.41850899953854e-23	7.76802992814853e-22
0.310043970000000	7.07329020128739e-23	-4.98565666527556e-22
0.310544220000000	7.46978885280641e-24	3.88845995213238e-22
0.310571900000000	6.34997969939297e-24	4.41378722865477e-22
0.310572950000000	6.38232591748313e-24	4.43322075611201e-22
0.311074050000000	-1.24441215870880e-22	-9.00667430991655e-23
0.311575110000000	6.23085837504270e-23	-9.54866191424242e-23
0.312075800000000	-2.27085695618701e-22	4.90130818973197e-22
0.312576340000000	-3.62664591656977e-23	-3.35528661931855e-22
0.313076700000000	-1.51519670375300e-22	3.83067646850412e-22
0.313577460000000	-1.17145861963340e-22	-1.56315074175675e-22
0.314078430000000	-1.50148610085118e-23	1.37785516730375e-22
0.314578540000000	-2.51070294803331e-22	1.96709806521073e-22
0.315078750000000	6.23969273938633e-23	-9.88151554944754e-23
0.315571910000000	-2.55346947062809e-22	3.56461085459139e-22
0.316072250000000	1.02921559895529e-22	-1.79584971340438e-22
0.316572500000000	-8.01918909160154e-23	1.36577522731711e-22
0.317072650000000	-1.43358406167796e-22	1.37306318900709e-22
0.317573960000000	1.06527241210874e-22	-1.82890984276426e-22
0.318074030000000	-6.67633168318716e-23	3.29414623927867e-22
0.318574830000000	-1.06186677437661e-22	4.95984353415544e-23
0.319075510000000	-5.52831024974546e-23	1.04237708421427e-22
0.319575940000000	-2.93629475579932e-22	2.17067118114834e-22
0.320076120000000	3.68108452707759e-23	-1.81737944172176e-23
0.320572750000000	-2.88401061536328e-22	5.33192647858404e-23
0.321073170000000	8.06647659852878e-23	5.00608588976176e-23
0.321573180000000	-2.80681369710937e-22	-5.48426190171824e-23
0.322074710000000	2.07393191006864e-22	2.78219758022767e-22
0.322576010000000	-4.77388272493766e-22	-1.36568931425814e-22
0.323076050000000	1.00801224952017e-22	1.92400772394933e-22
0.323576730000000	-5.56898209464636e-22	5.52313764192122e-23
0.324076900000000	1.81448753232263e-22	1.11833709423670e-22
0.324577250000000	-5.19105100195058e-22	1.19631756810727e-22
0.325077650000000	-3.80762169426860e-22	-4.69996511883916e-23
0.325572990000000	2.68670477767837e-22	2.23790283271770e-22
0.326074250000000	-7.36854117161789e-22	-3.61864572881530e-23
0.326577760000000	4.72752318275222e-22	1.95908112262733e-22
0.327079290000000	-6.33792370876528e-22	-5.18495065623910e-23
0.327579550000000	1.52592462302779e-22	1.75188322746202e-22
0.328079570000000	-3.36289609872185e-22	1.06623751618120e-22
0.328579650000000	-2.20450507897142e-22	1.23362703967955e-22
0.329080180000000	-3.05829262825489e-23	9.97184222573119e-24
0.329335620000000	-3.89025450125624e-22	1.25125467528542e-22
0.318754560000000	-1.86626659730638e-23	-3.80343091293796e-22
0.319254720000000	1.73570447946097e-22	-2.19923495609836e-22
0.319754750000000	-1.02336294600491e-22	-3.09369104468785e-22
0.320254820000000	-4.39230724629948e-23	7.83637738002732e-23
0.320754830000000	1.83196748561627e-23	-1.43578698140011e-22
0.321254930000000	-1.28738680414956e-22	-1.71727290373672e-22
0.321755050000000	3.14355668876340e-22	-1.45221154251027e-22
0.322097390000000	-4.21732655380081e-24	-3.76612915442039e-22
0.322097510000000	-4.29283022969146e-24	-3.76573394138602e-22
0.322597960000000	1.55535825554695e-22	4.84266570514519e-23
0.323098040000000	-2.87783825953597e-22	-5.92857996926932e-22
0.323598270000000	3.38943616904444e-22	5.67393239858111e-23
0.324098490000000	1.39187354701472e-22	-4.39350814947306e-22
0.324598780000000	-1.41407191291515e-23	-2.28552731587547e-22
0.325098980000000	5.22692425736507e-23	-5.67128192723906e-22
0.325599380000000	-1.17133222924110e-22	1.44002151325116e-22
0.326099520000000	-1.36815707046384e-22	-5.93294568786601e-22
0.326599530000000	-2.98018304173742e-22	6.91147938766607e-23
0.327099880000000	1.21345056357015e-22	-2.50422333392155e-22
0.327600030000000	-1.68600800406435e-22	-2.12785909319675e-22
0.328100230000000	-1.62972769109401e-22	-3.42104125331885e-22
0.328324270000000	-1.60640798315156e-22	-1.55525004592647e-22
0.328324530000000	-1.60535291504602e-22	-1.55275331715392e-22
0.328824650000000	-1.02180351541851e-22	7.50868922293199e-23
0.329324840000000	-9.08219807863879e-23	-2.67474020943443e-22
0.329825080000000	-9.45212201590462e-23	-3.02232483930853e-24
0.330325730000000	5.24874215577689e-23	-3.61870665546595e-22
0.330826150000000	3.88409604837209e-22	-1.32555268405693e-22
0.331326210000000	9.98324004649295e-23	-6.60733857085049e-22
0.331826240000000	8.03103900107421e-23	-2.15213797458556e-22
0.332326590000000	-3.68162907522163e-22	-7.67471642004035e-22
0.332826980000000	-2.44998743415831e-22	-3.65487569680620e-22
0.333324660000000	-3.32422514336219e-22	-6.75869521382363e-22
0.333824940000000	-3.11398444811402e-22	1.01368364568488e-22
0.334325310000000	-5.87883504422231e-22	-6.84522742367597e-22
0.334725490000000	-4.54313551261723e-22	1.55074763125934e-22
0.334993080000000	-1.83434787041232e-22	-5.01835437828748e-22
0.335493190000000	-2.80757372466838e-22	-4.77118902159988e-23
0.335634220000000	-2.21697498192999e-22	-2.98892407163751e-23
0.336134360000000	-3.00424919837366e-22	-8.87533330317666e-23
0.336634600000000	-4.60593850965609e-22	3.69893376717128e-22
0.337135090000000	4.41890529416356e-23	-4.48547482211625e-22
0.337635300000000	-2.14472148358895e-22	1.43566143361043e-22
0.338135700000000	-3.43600052848098e-22	-4.70000566098808e-22
0.338636090000000	-1.71519990685629e-22	1.01468151403596e-22
0.339136610000000	-1.09387400695307e-22	-3.50342247861023e-22
0.339636980000000	-3.39465064773710e-22	1.01594541795893e-23
0.340137420000000	-8.99106444831201e-23	-3.55406740047377e-22
0.340634460000000	-4.40134114542398e-22	3.27992887571931e-23
0.341134770000000	-5.64659785121567e-22	-2.18231131497758e-22
0.341634880000000	-3.49685792367329e-22	-1.28265247931646e-23
0.342135260000000	-3.50280180456067e-22	1.19323007767800e-22
0.342635280000000	-5.35065818287832e-22	2.17228709851775e-22
0.343135770000000	-6.66951275948378e-23	-2.21474759432420e-23
0.343636350000000	-2.32935127234467e-22	3.67848736655485e-22
0.344136620000000	-6.84798053049813e-23	-2.34741281588963e-22
0.344636870000000	-2.88294300544188e-22	2.02339798489577e-22
0.345137050000000	-6.70318218775791e-23	-2.60356002478634e-22
0.345637380000000	-6.11312533572455e-22	-1.43116825516427e-22
0.346137510000000	8.88570509321531e-23	-1.01790654313828e-22
0.346637860000000	-6.54871750781481e-22	1.27323714046957e-22
0.347138120000000	-3.97814796804142e-23	-7.80051329601823e-23
0.347638280000000	-4.85287526177259e-22	7.53335835896286e-23
0.348138830000000	-7.63200930092995e-23	1.01489391471060e-22
0.348318000000000	-2.65898331367352e-22	4.95902977447580e-23
0.348318510000000	-2.66436226191513e-22	4.97074130267280e-23
0.348818710000000	-2.74675097340668e-22	3.73135867138260e-22
0.349318800000000	-6.06742295876347e-23	1.42526524050373e-23
0.349819250000000	-3.16237615336083e-22	7.90508222504618e-23
0.350319470000000	-3.46755145933346e-22	-6.73030815856827e-23
0.350819810000000	-2.65174140345725e-23	2.26593106889010e-22
0.351320300000000	-9.90505300535046e-23	1.24976923169021e-22
0.351820370000000	-3.32238042697493e-22	1.59889550027240e-22
0.352320780000000	-3.12005877036781e-22	-2.32938011528035e-23
0.352821040000000	1.64619959998960e-22	4.12154434966093e-23
0.353318290000000	-3.02816284393652e-22	-2.70160114931449e-22
0.353818320000000	-9.72993360749819e-23	-2.09083993063323e-22
0.354318540000000	1.09392676683990e-22	-1.01655734190440e-22
0.354818700000000	-1.02775416953461e-23	1.75358415047220e-22
0.355318770000000	-5.30096290657003e-22	-3.59938999050989e-22
0.355351260000000	-5.32795409336974e-22	-3.21201098913537e-22
0.355351530000000	-5.32755272285471e-22	-3.20889967897832e-22
0.355851840000000	-2.20679135153690e-22	4.09965061701373e-23
0.356352080000000	-3.68803586902275e-22	-1.69563791490801e-22
0.356852160000000	-2.37717613288593e-22	1.71714265681707e-22
0.357352370000000	-4.82247461312119e-22	4.04660230082119e-24
0.357852680000000	-1.08471595357398e-22	1.67701166557182e-22
0.358352990000000	-1.93168282913325e-22	1.01571827173851e-22
0.358853780000000	-1.43002451933736e-22	1.48733504363609e-22
0.359353800000000	-8.30406785059209e-23	9.30082720700033e-23
0.359853880000000	-3.09351477870228e-22	3.13480590411765e-22
0.360351530000000	4.19315682185848e-23	-2.37873397549047e-22
0.360851800000000	-1.68223145914251e-22	2.03187994689944e-22
0.361352120000000	-1.48380495997924e-22	-1.11511478738898e-22
0.361852330000000	4.55682281431596e-23	2.66910890170954e-22
0.362352630000000	5.66790552133612e-23	-2.16521973667402e-24
0.362852870000000	-9.89548654896529e-23	3.20828075494958e-22
0.363352950000000	4.65520704014751e-23	8.44500383257488e-23
0.363853100000000	4.95672655263464e-24	2.43472407667542e-22
0.364353340000000	5.22018311236463e-23	-7.27061088174145e-23
0.364853480000000	2.66045495154896e-22	2.65541495641326e-22
0.365018550000000	2.58309975363454e-22	1.12663763741574e-22
0.365018960000000	2.57913611852432e-22	1.12331049135800e-22
0.365519480000000	1.58306429344238e-23	-2.38305130925237e-23
0.366020450000000	1.72519972024807e-22	1.31327424633879e-22
0.366520500000000	4.22346037676236e-23	-8.45477316174358e-23
0.367020940000000	1.58640274981983e-22	-1.90281717559240e-22
0.367521070000000	-1.52668759969596e-22	-2.27948345694700e-22
0.368021180000000	1.04989442826238e-22	-2.63030267622232e-23
0.368521450000000	-1.58630899407498e-22	-2.28596093214443e-22
0.369021840000000	-4.20251424797946e-23	-1.38930830816799e-22
0.369522200000000	-1.19562883769263e-22	-2.10656526120386e-22
0.370018570000000	-1.83647080770160e-22	8.75394861857050e-23
0.370518970000000	-4.87000485441723e-22	-6.86336742648754e-23
0.371019120000000	-1.60771408202088e-22	3.89203278166807e-22
0.371519240000000	-2.90151445320028e-22	1.57830867668934e-22
0.372019490000000	9.90169653024015e-23	1.22401647628825e-22
0.372519530000000	-8.16839813495500e-23	2.23073656229004e-22
0.373019630000000	1.98345547737401e-22	2.02664291238293e-22
0.373519980000000	-4.97062301422873e-23	6.15586965898118e-23
0.374020400000000	1.89989165931203e-22	6.99288030963012e-23
0.374520730000000	3.99545859061717e-23	1.69045795051478e-22
0.375018720000000	1.85750641440069e-22	-1.82141579991925e-22
0.375519160000000	-1.56763591547806e-22	-3.99986345782769e-23
0.376019740000000	-1.69631494610941e-23	-5.80126391318382e-24
0.376520280000000	-1.69774403255278e-22	1.25041764681048e-22
0.377020570000000	-9.15550158946968e-23	-1.02500106271246e-22
0.377230470000000	-3.17636173638539e-22	-4.74854537262505e-24
0.377231180000000	-3.18020931918925e-22	-3.78288064534530e-24
0.377731520000000	-5.25765818775862e-23	2.06897167051125e-22
0.378232070000000	-2.80392506089731e-22	1.33760682744043e-22
0.378732510000000	7.03172493835192e-23	2.61417471123275e-22
0.379232720000000	1.00170381337049e-23	2.65146535387736e-22
0.379732730000000	5.13610303816181e-23	1.76092522853474e-22
0.380233720000000	-2.16127311565506e-23	1.27759803030512e-22
0.380733820000000	5.88240719319434e-23	2.45134950128596e-22
0.381234470000000	-4.54534948339676e-23	1.40631945032958e-22
0.381734670000000	1.63992901614202e-22	1.35678323146883e-22
0.382230690000000	-1.34615522541954e-23	2.53316559948481e-22
0.382730920000000	1.42737628413302e-23	9.49372422372400e-23
0.383231270000000	7.49875461401952e-23	2.42634416681158e-22
0.383731350000000	5.95013235063393e-24	1.60517784814879e-22
0.384231670000000	-1.30716411347385e-23	2.14467977475949e-22
0.384732320000000	1.24947247353065e-22	1.70459798908028e-22
0.385232720000000	-9.77724574434803e-23	1.82737633841218e-22
0.385732870000000	-4.59881942497489e-23	1.38922566829610e-22
0.385816670000000	-5.64136775196683e-23	1.71242819796101e-22
0.385817170000000	-5.63593199286427e-23	1.71534814010100e-22
0.386317680000000	2.11845918045928e-22	3.30549972617974e-22
0.386818110000000	1.86603083061305e-22	3.43606404775506e-22
0.387319280000000	7.21030613664141e-23	3.08050859158686e-22
0.387820220000000	2.26048704580035e-22	2.15486700241759e-22
0.388321240000000	1.58763256074467e-22	2.41202329276172e-22
0.388822200000000	2.62069697399996e-22	1.56546206554614e-22
0.389322690000000	4.02062369551053e-22	2.31076634294443e-22
0.389823580000000	2.54037380559648e-22	1.61751844401371e-22
0.390323820000000	2.23358083223362e-22	3.56256115891406e-22
0.390816710000000	2.51389900456878e-22	-1.39235366846649e-22
0.391317510000000	4.09491305140134e-22	2.44407968796000e-22
0.391818180000000	-9.81130050127970e-24	1.90340346497369e-22
0.392318940000000	4.00471218216972e-22	2.43257450018038e-22
0.392819730000000	3.24134185654325e-22	-1.71818923408087e-23
0.393320230000000	1.97072747875281e-22	1.33249864630847e-22
0.393820490000000	3.60586441937479e-23	3.89685204732635e-23
0.394320790000000	6.38658501444120e-22	1.01037889341203e-22
0.394821150000000	8.20827948897156e-23	2.37593990521809e-22
0.395321390000000	5.07144025511199e-22	-1.13505449216348e-22
0.395797580000000	1.27062711405305e-22	2.87521089495025e-22
0.395797730000000	1.27187293442758e-22	2.87686450258281e-22
0.396298010000000	4.01674882534505e-22	-2.30950308717732e-22
0.396798450000000	3.93168572556030e-22	1.94445778664636e-22
0.397298670000000	3.97721076707864e-22	-1.88656878324442e-22
0.397799570000000	3.00751927430810e-22	1.54073722051928e-22
0.398300120000000	3.25097225350380e-22	-3.05344840859607e-22
0.398800570000000	3.91742286145972e-22	2.32690759512909e-22
0.399300820000000	1.78667710892628e-22	-2.57131281250348e-22
0.399801010000000	4.30175005338496e-22	-2.21217629522019e-22
0.400301440000000	1.53865346425161e-22	-4.75612328683808e-23
0.400798050000000	3.29188038362271e-22	-1.58399812399469e-22
0.401298120000000	1.81516709133188e-22	-3.20339819687177e-23
0.401798610000000	2.16406452848842e-22	-2.03632260159647e-22
0.402298670000000	3.33075622104907e-22	-3.34972132626778e-24
0.402798920000000	1.79342528641778e-22	-1.23520542882479e-22
0.403299380000000	1.68398851244999e-22	5.41357758870926e-23
0.403516950000000	3.80465780716145e-22	1.66286002501646e-22
0.403517490000000	3.81205971465125e-22	1.66542513423203e-22
0.404017620000000	3.32587897784929e-22	-2.02354592647034e-22
0.404518180000000	2.86463072280328e-22	-2.27446151295194e-22
0.405018200000000	3.13892062435836e-22	-1.37202818132535e-22
0.405518980000000	3.77502963066153e-22	-2.25459096640749e-22
0.406019330000000	3.32121196400204e-22	-1.78065149558521e-22
0.406519890000000	1.58656018687772e-22	-3.43318704594066e-22
0.407020100000000	-2.88296484829429e-25	-2.70531676758568e-22
0.407520190000000	1.46839476278674e-22	-3.72324136186460e-22
0.408020460000000	2.34024926771658e-22	-1.25724574191926e-23
0.408517220000000	9.20903537439982e-23	-1.75505932079706e-22
0.409017300000000	6.50393259547064e-23	-5.36270448357593e-23
0.409517580000000	2.86920132346667e-22	-2.52514198089608e-22
0.410017970000000	1.58594712865950e-22	-1.45699908093931e-22
0.410518400000000	-1.01393483848762e-23	-3.28385929284182e-22
0.410548630000000	-3.89035136814921e-24	-3.03008472327867e-22
0.410549270000000	-3.66516905998604e-24	-3.02401247512362e-22
0.411049330000000	2.20454429240082e-22	-1.86607646078545e-22
0.411549920000000	-1.35328364354509e-23	-1.36510509897559e-22
0.412050210000000	2.25325203844396e-22	-1.74421395568082e-22
0.412550390000000	1.01008618622659e-22	-1.65503869587099e-22
0.413050540000000	6.00044739357358e-23	-2.29534289096464e-22
0.413551110000000	3.13947188091553e-23	-1.02431327212381e-22
0.414051350000000	1.51455807578618e-22	-2.74444606636028e-22
0.414552000000000	1.22271718305544e-23	-4.81137824964896e-23
0.415052520000000	1.32420711249586e-22	-1.07897663067536e-22
0.415548630000000	1.70042568019160e-22	-9.18094527175078e-23
0.416049030000000	1.52976151126000e-22	2.13961660805187e-23
0.416549370000000	1.54922504833347e-22	-1.45504641419391e-22
0.417049590000000	2.28753757126885e-22	-1.57173789945616e-22
0.417550240000000	5.36693791356203e-23	-5.56943476669754e-24
0.418050800000000	4.01778571267878e-22	-4.28847847885350e-22
0.418443070000000	1.64537978005269e-22	-2.79106995891237e-23
0.418443540000000	1.64992685265843e-22	-2.78641069052762e-23
0.418943660000000	7.18602330150187e-23	-3.85512562043681e-22
0.419444030000000	2.46946176302681e-22	-2.92012190601659e-22
0.419944250000000	-4.15216971394828e-23	-2.01790761866218e-22
0.420444260000000	-1.00744906689521e-23	-1.27363270998966e-22
0.420944520000000	1.45875409255584e-22	-3.48699357485582e-22
0.421444740000000	1.42872768909681e-23	4.06644656464560e-23
0.421944810000000	1.23317323335562e-22	-1.43609035074941e-22
0.422444920000000	2.01642502695274e-22	-1.89791403856610e-22
0.422945160000000	-2.54427683813398e-23	-4.43407116900541e-23
0.423443260000000	9.86432775240687e-23	-2.22946993611247e-22
0.423943630000000	2.39588148964458e-22	-2.42074157239119e-22
0.424443630000000	-8.53874693838570e-24	-1.37360106114580e-23
0.424944140000000	-6.13855061037928e-23	-3.35616448161253e-22
0.425256970000000	6.91420261450317e-23	-2.38979559780872e-22
0.425257030000000	6.92025379759284e-23	-2.38927597125741e-22
0.425757210000000	-5.25535820669674e-23	-2.43109657519312e-22
0.426257380000000	1.75973375602889e-22	-8.44663686125895e-23
0.426757680000000	-2.81798485776760e-22	5.58449466805662e-24
0.427258000000000	-1.64584748931977e-22	-1.39881989815978e-22
0.427758240000000	1.93670010640613e-22	-3.87267453751373e-23
0.428258380000000	-1.74287820368099e-22	-5.71010273623308e-23
0.428758770000000	1.54298534911252e-22	-2.60888958355157e-22
0.429258860000000	1.43428047273951e-22	2.67770944382742e-23
0.429758970000000	-2.16088033320515e-23	-6.37935865996551e-23
0.430257030000000	3.34258966736294e-23	-1.29487893493479e-22
0.430757280000000	2.17915716171833e-22	-1.33006520995545e-22
0.431257330000000	4.30936565786112e-23	9.34555190566530e-24
0.431318810000000	6.87758569746509e-23	8.02621510110154e-23
0.431319260000000	6.88988801972659e-23	8.08465121286316e-23
0.431819720000000	7.11891583659489e-23	-2.83835069261090e-22
0.432320300000000	3.87746116852456e-23	-5.63481003507419e-23
0.432820470000000	1.15547814250930e-23	-5.50509816808322e-23
0.433320590000000	1.14988734452552e-22	-1.32728202870148e-22
0.433820670000000	4.07239339464214e-23	6.66228809021332e-23
0.434321040000000	1.99175767335048e-23	-6.29265647123942e-23
0.434821120000000	1.84049170738187e-23	-1.23761543434355e-22
0.435321480000000	-3.06511641312721e-23	-1.06638166604400e-24
0.435821930000000	1.37118311571778e-22	-1.56775929194562e-22
0.436318970000000	3.20557826909993e-22	-1.84756324983089e-22
0.436819100000000	-8.11268946304356e-23	6.85036963299047e-23
0.437319150000000	4.49034730137047e-23	-2.15221977185483e-22
0.437819550000000	2.59560245327953e-22	7.42360094229216e-23
0.438319790000000	-8.94732008538216e-23	-3.41356305788456e-22
0.438359490000000	-1.05877254312642e-22	-2.61308606865376e-22
0.438359600000000	-1.05870075986515e-22	-2.61081178697165e-22
0.438859980000000	3.38892033420491e-22	-3.91543302297586e-22
0.439359990000000	1.04818851445209e-22	1.40098908136952e-22
0.439860100000000	-1.13684832831589e-22	-2.16521043563746e-22
0.440361110000000	-1.08080656910907e-22	-2.05071937469730e-22
0.440861350000000	1.01215785438751e-22	-2.36883219567220e-22
0.441361440000000	-8.63877683194054e-23	1.21476463475653e-22
0.441861450000000	-5.37031934267286e-23	-4.79279905642806e-22
0.442361740000000	4.33034221756155e-22	5.60449189666350e-23
0.442861840000000	-1.14353765325549e-22	1.24680592792332e-22
0.443018100000000	2.62804579752500e-23	1.08513031961396e-22
0.443518190000000	1.44316341636470e-22	-2.58845601642112e-22
0.444018490000000	2.31097744730736e-22	-1.09200235968991e-22
0.444518510000000	2.55943104617039e-22	-1.35794945830401e-22
0.445018840000000	2.92719613831241e-22	-1.07330202613916e-22
0.445519020000000	1.42829290614731e-22	-4.41004072575695e-22
0.446019310000000	5.11341051823530e-22	-2.54308766658143e-22
0.446519430000000	8.59037352470387e-23	-3.86982530917784e-22
0.447019500000000	1.36719517476288e-22	-4.07070747644007e-22
0.447043230000000	9.31893214457998e-23	-4.30217388250046e-22
0.447043240000000	9.31704536287754e-23	-4.30227891615724e-22
0.447543260000000	2.64015989532536e-22	-1.72832937321589e-22
0.447736220000000	1.70789940335046e-22	-2.74115994856835e-22
0.447736330000000	1.70696427648643e-22	-2.74154586056617e-22
0.448236360000000	5.55211993110871e-23	-5.08455452221673e-22
0.448736770000000	1.74541728943886e-22	-1.24022675707178e-22
0.449237190000000	-1.25314281811516e-22	-6.03801615989683e-22
0.449737650000000	3.62159979636121e-22	-3.27738710011464e-22
0.449885970000000	1.03517526243781e-22	-4.39912231347551e-22
0.450386040000000	1.61362756439853e-22	-1.63457356355026e-23
0.450886520000000	-2.28524523844610e-23	-2.43050856819880e-22
0.451386800000000	9.26344060488095e-23	-2.69464689066797e-22
0.451596650000000	1.53631258455510e-22	-1.95811089812359e-22
0.452096780000000	-9.10138349203361e-23	-3.06078870887158e-22
0.452596790000000	3.72881145126871e-22	-1.68345313571134e-22
0.453097020000000	-9.87959506364049e-23	-8.82288712377614e-23
0.453162070000000	1.14385612463628e-22	-4.23586316318184e-23
0.453162440000000	1.15683570495374e-22	-4.22200785948473e-23
0.453662890000000	-8.13027846856030e-23	-3.84810816659413e-22
0.454162990000000	2.28658361547715e-22	-1.55381616312976e-22
0.454663270000000	-1.54364377824080e-23	-2.40482937848672e-22
0.454692410000000	-1.58650729735972e-24	-2.10275903074373e-22
0.455192680000000	7.00447160491547e-23	-3.17417946042731e-22
0.455692830000000	1.13771750532138e-22	-1.92979650113991e-22
0.456192980000000	1.38049523574429e-22	-2.50778320034008e-22
0.456692990000000	1.52028524576247e-22	-1.49833758654789e-22
0.457193360000000	-3.40812405800272e-23	-3.18639431405579e-22
0.457693470000000	2.01967206094644e-22	-2.37938657121603e-22
0.458193540000000	8.48082189751806e-23	-2.82451898178701e-22
0.458310800000000	-2.21814717179906e-23	-2.56281458178777e-22
0.458310870000000	-2.22488377970849e-23	-2.56253820812995e-22
0.458811160000000	3.94675732613261e-22	-1.31008052316441e-22
0.459311320000000	-6.73812167743566e-23	-1.96096664042585e-22
0.459811600000000	1.07887989341357e-22	-2.50486860548592e-22
0.460311760000000	2.70540520845249e-22	2.25614854974969e-23
0.460810890000000	1.54452361741015e-22	-2.46042776667893e-22
0.461311150000000	3.22511935802180e-22	-4.63706415304238e-22
