0.0114105900000000	-1.49424231098292e-24	1.10626849697757e-22
0.0119146000000000	1.62589896962561e-25	-1.26589972448763e-22
0.0124156900000000	-3.47638394402510e-26	1.20736713472655e-22
0.0129175400000000	2.98281325820892e-26	5.09670896771924e-22
0.0134184000000000	-3.51689368514593e-26	-7.93782381820967e-23
0.0139226800000000	5.38296680792872e-25	-1.34495451669272e-23
0.0144233300000000	1.03810262596238e-24	4.62256480927703e-22
0.0149245800000000	-3.49560176521282e-25	-3.06258993400078e-22
0.0154263100000000	-1.98475046037037e-25	-4.37982914416931e-22
0.0159270100000000	-1.13688481949070e-24	-3.33323674592517e-22
0.0164133800000000	-2.24953185067398e-24	-5.11593511770974e-22
0.0169147400000000	-9.18336386533466e-25	-2.41896526885473e-22
0.0174158600000000	2.63748553943994e-24	-1.29137257378233e-22
0.0179163700000000	2.77894555543387e-24	-1.45036867336721e-22
0.0184166500000000	-1.11659430035809e-24	-1.93391964740677e-22
0.0189170400000000	2.44588094549699e-25	-4.25998473714393e-22
0.0194191300000000	-2.24887397247818e-25	-1.61529530182879e-22
0.0199209600000000	-3.82502698000741e-25	1.66853297675523e-22
0.0204215900000000	-6.50699869675659e-25	-2.28391645412175e-22
0.0209243000000000	-1.17102318852804e-24	4.29194970995845e-23
0.0214149000000000	1.71414214890394e-24	5.00736534942532e-22
0.0219165200000000	-3.92149525712291e-24	3.47608222747323e-23
0.0224184300000000	-4.31850368322419e-24	-1.82255418846033e-22
0.0229188300000000	2.42488069569995e-25	-1.02368038033633e-22
0.0234202300000000	-2.16963367806654e-24	-5.28862603760130e-22
0.0239211100000000	3.30103509899912e-24	-2.53157178423016e-22
0.0244235600000000	-3.00838948836296e-24	6.98177791830841e-22
0.0249238900000000	4.49677571116945e-25	-1.66776974082472e-22
0.0254250300000000	4.75227875036675e-25	-2.20722921322673e-22
0.0259278300000000	-2.21603839671528e-24	7.10255703089651e-23
0.0264158700000000	-2.19391035572543e-24	3.86861607720148e-22
0.0269168800000000	-4.23370545233078e-24	2.13658923407842e-22
0.0274178900000000	2.54069318439547e-24	-4.86490296039709e-23
0.0279189100000000	-4.11753647791340e-24	1.07910541924434e-21
0.0284199200000000	1.97164474892296e-24	-7.15468464169286e-23
0.0289209300000000	5.25860190268777e-24	-4.94414296313859e-22
0.0294219400000000	-3.80344338993823e-25	-2.07914447670151e-22
0.0299231700000000	6.13431556000354e-24	3.22086048791828e-23
0.0304235100000000	2.06210138045612e-24	-3.55776833801478e-23
0.0309259400000000	2.79718466127612e-24	-4.25694767324041e-22
0.0314160500000000	-1.51984770815057e-24	1.50937885677220e-22
0.0319174400000000	2.47844105502027e-24	7.26558734976454e-24
0.0324176200000000	-7.25947524002423e-25	-3.17694689149393e-22
0.0329188500000000	3.59120475425798e-25	-1.90897089693879e-22
0.0334196200000000	1.52747650259844e-24	-4.08459554441580e-22
0.0339196800000000	-1.90160178613540e-23	3.10480111665648e-22
0.0344227500000000	-2.77010470953166e-24	-2.59926822836524e-22
0.0349246400000000	-5.19452845535178e-24	-1.35587364194560e-22
0.0354259400000000	-2.85081307696151e-24	1.40482457606664e-22
0.0359266200000000	9.19991128438769e-24	1.63184550795201e-22
0.0364161500000000	-1.57065664585396e-23	2.87497318378936e-22
0.0369161600000000	3.72297484017581e-25	1.78247346170187e-22
0.0374188300000000	6.92180548271673e-24	1.17935970435719e-22
0.0379202500000000	-1.86217770607661e-24	2.34762184615382e-22
0.0384213600000000	4.70995417284370e-25	2.27039394604990e-22
0.0389220000000000	1.07359434443109e-23	-2.03276649448192e-23
0.0394225500000000	-1.99894507365911e-25	-1.93738144784399e-22
0.0399235100000000	-7.52324550718946e-24	1.45387211781830e-22
0.0404250300000000	1.20261624951128e-23	-1.86747861635292e-22
0.0409270500000000	-4.28678293553694e-24	-2.21376453633447e-22
0.0414190700000000	-1.00309896885469e-23	-7.50662873545963e-23
0.0419208700000000	1.02112288695210e-23	4.35790455930327e-22
0.0424218800000000	-7.78975747363375e-24	8.42926887688977e-23
0.0429236200000000	5.59702028001118e-25	-2.84582354075935e-22
0.0434250900000000	8.12430960126459e-25	-1.74665027632741e-22
0.0439268400000000	1.21951172826003e-24	-4.00552866410396e-24
0.0444275300000000	2.79505546928280e-24	-1.82987394219514e-23
0.0449279100000000	-1.62652444002852e-24	-7.71747189157774e-23
0.0454280500000000	8.52043005384051e-24	-3.64638420691141e-23
0.0459284600000000	-3.93850610761437e-24	-2.95988701328003e-23
0.0464196100000000	-1.39984845669073e-23	-1.26493964362306e-22
0.0469205700000000	1.38177333428055e-23	1.91671188716567e-22
0.0474225400000000	-7.27717961728367e-24	1.54915673270604e-22
0.0479227200000000	-3.88156237471564e-24	-2.50901492332471e-22
0.0484244800000000	-3.26156240725099e-24	-2.06231666542434e-22
0.0489250000000000	-1.00472065481124e-23	-5.96359876081629e-23
0.0494268200000000	-1.73942346814262e-24	-5.53101208743925e-23
0.0499291500000000	-3.08178665771533e-25	-1.47202903749776e-23
0.0504296700000000	-4.94023098605024e-24	1.05414727051641e-22
0.0509312900000000	-6.79988412506019e-24	1.14403465916735e-22
0.0514210000000000	-1.25077293344401e-23	5.16864435116521e-24
0.0519226300000000	-6.44272108032535e-24	-5.16369600526782e-23
0.0524244200000000	-1.13011288708701e-23	-2.05820346834989e-22
0.0529294700000000	-3.64371639740016e-23	-3.69054150993835e-22
0.0534323100000000	7.73904900008834e-24	-1.62221067112384e-22
0.0539330300000000	2.35834133940245e-23	1.92432454253269e-22
0.0544341700000000	5.61793951032597e-24	3.69186514142363e-22
0.0549356800000000	-1.25919215396063e-23	4.41713249066873e-22
0.0554383900000000	-1.19012012864826e-23	2.85965865440149e-22
0.0559385700000000	-7.79582421246401e-25	-7.53775966131616e-23
0.0564235300000000	3.02374105985811e-24	-1.48939404034999e-22
0.0569266100000000	-1.64258606626603e-23	-3.27053045374032e-22
0.0574309200000000	-1.99638356170855e-23	-3.34529558843864e-22
0.0579326000000000	-2.62548039663930e-23	-1.18129843575165e-22
0.0584333200000000	-5.40980046044715e-24	6.98100933509207e-23
0.0589351400000000	-1.48770306653223e-23	1.34374107170329e-22
0.0594354400000000	-1.97892904853234e-23	2.24698135737301e-22
0.0599371700000000	-5.54986985804789e-23	2.19567068221999e-22
0.0604389000000000	2.18707717259317e-23	7.68660152437610e-23
0.0609403900000000	2.21859537157482e-24	6.61894914877262e-23
0.0614266000000000	2.81031629895784e-24	1.68575846405904e-22
0.0619277800000000	8.59424852450053e-24	1.60628622707365e-22
0.0624292900000000	2.32751050970814e-23	-1.43961670751009e-23
0.0629294100000000	7.27348512889345e-24	-6.66199739231104e-23
0.0634307400000000	1.40738391669506e-23	-5.01303541687052e-23
0.0639320100000000	3.62427042535045e-24	1.09114459022752e-22
0.0644320400000000	2.62179044534008e-25	1.30043599640616e-22
0.0649330100000000	-3.16844833670029e-23	1.37717988612317e-22
0.0654337000000000	-6.81980357496413e-23	9.97817535661906e-23
0.0659357500000000	-4.12158583163584e-23	3.20725277975890e-23
0.0664249700000000	3.24464553935893e-24	-1.06196321996827e-22
0.0669253300000000	-4.61544332641916e-24	-1.44221218282759e-22
0.0674267600000000	-1.66760779908362e-24	-1.15715890787230e-22
0.0679282300000000	-1.23621956588790e-23	-8.81218218162651e-23
0.0684297000000000	-1.36971601493334e-23	2.63382443107640e-23
0.0689311600000000	-7.12045877161470e-24	1.34434589834212e-22
0.0694326300000000	4.16023374505476e-24	2.09825817165066e-22
0.0699341000000000	1.05232316548543e-23	1.48916060701775e-22
0.0704355700000000	7.23176657709758e-24	1.03382382506623e-23
0.0709370400000000	2.16112954913253e-23	-3.75785016242363e-23
0.0714091300000000	1.02701721632414e-23	-7.82877483589169e-23
0.0714110900000000	1.01117531492247e-23	-7.86526730700505e-23
0.0719113700000000	-6.49515688923215e-24	9.29290285348124e-23
0.0724124700000000	-7.30717951116812e-25	6.64745860826174e-23
0.0729133600000000	1.85610124490848e-24	2.39673549980299e-23
0.0734159200000000	7.90455559841160e-24	-9.06472995418956e-23
0.0739200300000000	2.86040902443822e-25	-3.74070481959165e-23
0.0744233700000000	-6.70603115683145e-24	1.22103165374688e-24
0.0749236300000000	-3.51417467132190e-24	1.35559558308255e-22
0.0754240600000000	1.30531460073324e-24	1.41120994831665e-22
0.0759240900000000	-5.23711229521799e-24	5.99431097798860e-23
0.0764092400000000	-1.04513965411196e-23	7.79481730233871e-23
0.0769128300000000	-2.39363666664621e-23	1.25473835098284e-22
0.0774142800000000	-3.41211702216551e-23	1.28855316061591e-22
0.0779171000000000	-2.15479577008881e-23	1.02931628996782e-22
0.0784171500000000	-8.05523887226393e-24	5.57948312696308e-23
0.0789175600000000	1.74368120397339e-23	4.07726882300551e-23
0.0794176200000000	2.79481208675815e-23	6.29608813242925e-23
0.0799194700000000	4.07111555536822e-24	7.06676489218765e-23
0.0804207200000000	-1.06993550461305e-23	5.54385237906284e-23
0.0809212100000000	-4.33254597988632e-24	8.30263445391227e-23
0.0814111300000000	1.06332625932971e-23	5.06150418784884e-23
0.0819118100000000	3.15683824489506e-23	-4.18359393033053e-23
0.0824123000000000	6.84126887658923e-24	-2.82619028407449e-23
0.0829151300000000	-2.00433805447504e-23	2.45607740937607e-23
0.0834171400000000	-1.46995396651858e-23	7.60991366773301e-23
0.0839174800000000	1.05779036014710e-26	5.74542949903595e-23
0.0844197700000000	-2.36886933500286e-23	1.24313969912851e-22
0.0849223900000000	-2.81451343221589e-23	1.33535053208338e-22
0.0854238200000000	-1.54225380800346e-23	1.04850786084329e-22
0.0859258700000000	7.14153680011469e-24	9.72140258009607e-23
0.0864112800000000	-6.49539670689959e-25	9.45133547877102e-23
0.0869138500000000	-7.37168722292892e-24	1.11999698898107e-22
0.0874160400000000	-1.60378907699979e-23	1.00859419625721e-22
0.0879186500000000	-3.10845114155484e-23	1.26984702607023e-22
0.0884186700000000	-1.68361724877457e-23	1.18420888240832e-22
0.0889188500000000	-1.12193996579640e-23	1.45209753189486e-22
0.0894210200000000	-1.07135885487707e-23	1.88279664578242e-22
0.0899236400000000	-1.31308210053471e-23	1.92728985558273e-22
0.0904244700000000	-2.11830265081959e-23	1.88130241967534e-22
0.0909259800000000	-8.81564560245338e-24	1.79169156672119e-22
0.0914122600000000	-9.33250776902439e-24	1.35850800661458e-22
0.0919149200000000	3.45661519035814e-26	1.02932280393419e-22
0.0924154600000000	7.62984121958517e-24	7.95762497966953e-23
0.0929162600000000	3.19925842540715e-24	6.24751371204609e-23
0.0934177500000000	-2.36657907627886e-25	4.02734364581441e-23
0.0939178600000000	-1.82108268021606e-23	1.34019834900720e-23
0.0944188700000000	-2.45303302131136e-23	-4.92423514763230e-23
0.0949198800000000	-2.73936397350160e-23	-6.84826474684183e-23
0.0954209000000000	-2.97494529424946e-23	-6.27432241056399e-23
0.0959219100000000	-3.58061615608485e-23	-3.75822641689916e-23
0.0964145200000000	-3.76210660194268e-23	-4.32790388763180e-23
0.0969148700000000	-4.30150417546025e-23	-5.08553424220379e-23
0.0974170500000000	-4.08041756416335e-23	-7.21937513340561e-23
0.0979177000000000	-1.78493924103220e-23	-1.01473433873838e-22
0.0984205100000000	1.88829060928102e-23	-9.67392062641145e-23
0.0989230400000000	4.85777357003775e-23	-6.42447970593761e-23
0.0994249300000000	4.54640727375690e-23	-1.20283046502233e-23
0.0999255100000000	1.91254103662767e-23	4.02775652109592e-23
0.100426490000000	1.64247847239362e-23	5.94392010081357e-23
0.100927180000000	4.62516890506745e-23	2.92394515056798e-23
0.101418770000000	4.74307137232687e-23	3.22698069960682e-23
0.101918930000000	3.93425161256289e-23	4.88113537570317e-23
0.102419850000000	6.07851776666164e-23	1.28892737340049e-22
0.102921670000000	4.33646829506060e-23	2.13616777073180e-22
0.103422030000000	4.32416532464324e-24	2.59737243729637e-22
0.103923540000000	-5.56471295127249e-24	2.81977778650182e-22
0.104425270000000	-1.76291134012241e-23	2.85548443345302e-22
0.104925510000000	-3.34393361853437e-23	2.91201704109106e-22
0.105427270000000	-2.35248298268052e-23	2.74048696834106e-22
0.105928870000000	-2.52033914598879e-23	2.73482234540507e-22
0.106415920000000	-3.71975804265289e-23	2.33877306034235e-22
0.106916390000000	-4.77191884509591e-23	2.10999455662481e-22
0.107416860000000	-7.67367049093240e-23	2.17968375594511e-22
0.107917330000000	-1.03916125892514e-22	1.71795382387327e-22
0.108417740000000	-1.11777391161174e-22	5.59884321836162e-23
0.108918780000000	-6.92471408212921e-23	-4.03090526225376e-23
0.109419300000000	-5.21503448630714e-23	-9.41054249354027e-23
0.109919890000000	-1.27917450739058e-22	-1.07171125721703e-22
0.110420850000000	-1.84448671323563e-22	-1.57817570751508e-22
0.110922390000000	-1.69821592242514e-22	-1.76458786006454e-22
0.111417270000000	-1.50276769942907e-22	-1.39473340510668e-22
0.111918290000000	-7.01259591451673e-23	-7.24435570832622e-23
0.112418500000000	2.97492001617100e-23	-9.29769240119344e-23
0.112920110000000	8.76980964056998e-23	-1.00765728696457e-22
0.113421770000000	1.18826189821136e-22	-9.90845744399425e-23
0.113922440000000	5.22205984765128e-23	-7.46142958670665e-23
0.114422690000000	3.32972020872575e-23	-1.03584445095334e-23
0.114923410000000	4.67896908205520e-23	1.14499357335137e-22
0.115424130000000	1.53509538026169e-22	1.09111548802950e-22
0.115924170000000	1.97303808957076e-22	2.60972113510951e-23
0.116417820000000	1.54622865621003e-22	4.79408804398273e-24
0.116917970000000	5.92838315674306e-23	1.79749541353546e-22
0.117420040000000	-2.58330295049600e-24	3.29252115050386e-22
0.117920630000000	3.50718819932924e-23	3.43126231471273e-22
0.118421550000000	9.11576023711843e-23	2.17114939054032e-22
0.118922360000000	8.35955420504425e-23	8.17046672437559e-23
0.119422420000000	1.12899634139834e-22	1.89315638012211e-22
0.119923230000000	1.14798960898908e-22	4.01820050002006e-22
0.120424040000000	4.21687867810298e-23	3.77815166779802e-22
0.120924120000000	-9.46022039927157e-24	1.77055938479926e-22
0.121418750000000	2.15912447898601e-23	1.01158760686370e-22
0.121918750000000	7.31742134595725e-23	1.34148937825283e-22
0.122418760000000	5.14262316201469e-23	1.43036726415504e-22
0.122920330000000	-9.50209223992784e-23	2.05305604138074e-23
0.123421220000000	-1.24357947287812e-22	-1.65697447815629e-22
0.123921370000000	-8.16916360702322e-23	-2.25780756948366e-22
0.124421580000000	-1.49933701047303e-22	-1.45670546633567e-22
0.124921740000000	-3.09432140866748e-22	-4.85954757262091e-23
0.125422720000000	-3.19033993043316e-22	-1.05990036672701e-22
0.125923340000000	-2.24544098256884e-22	-1.48611790415827e-22
0.126419840000000	-1.31528835825953e-22	-1.83791820454795e-22
0.126920850000000	-2.72600742573717e-23	-2.68763672857870e-22
0.127421020000000	-3.34920636643865e-23	-1.91636003575819e-22
0.127922910000000	-1.43401505291569e-22	-1.07865676575947e-23
0.128424800000000	-1.22980052194107e-22	9.94697118915058e-23
0.128924870000000	-3.12108823631697e-23	5.43918428218863e-23
0.129425590000000	1.65567729143002e-22	-7.92840449320426e-24
0.129925620000000	2.89354171484639e-22	1.07584788512574e-22
0.130426060000000	2.82133131886990e-22	3.63959169555924e-22
0.130926370000000	1.66625752839258e-22	5.10066181103444e-22
0.131422250000000	2.51050201971735e-22	4.18093937560657e-22
0.131922280000000	3.75764297940364e-22	2.53940170144075e-22
0.132422720000000	2.23395663300005e-22	1.69779996840331e-22
0.132923000000000	3.66934221147734e-23	4.06157278907966e-22
0.133423860000000	-3.31659375629088e-23	5.75519633280459e-22
0.133924630000000	-4.91047965993731e-23	4.21711019937543e-22
0.134426110000000	-2.44309850962226e-22	1.66679984039891e-22
0.134926770000000	-3.88571160925578e-22	4.05099096413525e-23
0.135427210000000	-2.53912792040636e-22	2.23653321457430e-22
0.135927400000000	-8.79459674096699e-24	1.72932960733586e-22
0.136421570000000	-2.21406978533577e-22	-1.44931775345915e-22
0.136921590000000	-4.09451906986310e-22	-1.10478853029936e-22
0.137422280000000	-2.70581477813912e-22	-1.02839629754307e-22
0.137922300000000	-1.34414885896131e-23	-4.56412723916473e-22
0.138422340000000	2.74857945348970e-23	-7.76509083300294e-22
0.138922660000000	-1.40176404892106e-22	-4.99355107399402e-22
0.139422670000000	-2.13132125011969e-22	-8.10744264137359e-23
0.139922850000000	-1.95394140871288e-22	7.01621586498329e-24
0.140423090000000	2.77106398020140e-24	-8.44745742657509e-24
0.140923460000000	1.22294066719525e-22	-9.00687102521943e-25
0.141409460000000	2.17693100560867e-22	1.44608180293063e-22
0.141410020000000	2.17680785599566e-22	1.44930453107965e-22
0.141910120000000	-1.73820007396077e-23	4.95232570399044e-22
0.142410760000000	-1.23562034579725e-22	6.76712357333785e-22
0.142910930000000	2.06454269190282e-22	5.39253449581001e-22
0.143411460000000	3.31945899407646e-22	3.81068539737788e-22
0.143912260000000	2.95121990555554e-22	4.54106390927189e-22
0.144413790000000	2.40622748308008e-22	5.90926155429244e-22
0.144915310000000	1.83374440490079e-22	5.53578390808874e-22
0.145416820000000	8.37981328861774e-23	4.91602664258509e-22
0.145918340000000	-1.77798164438301e-22	4.95442067335445e-22
0.146409610000000	-3.78600640937797e-22	4.39562959600387e-22
0.146910430000000	-1.15106339092195e-22	2.99471385346967e-22
0.147410610000000	1.68770915392908e-22	2.10258182493217e-22
0.147910660000000	-4.14316472257505e-22	7.83737294742510e-23
0.148410850000000	-5.12203128281595e-22	9.87632284879171e-23
0.148911190000000	1.23095394769805e-23	-1.20672179834660e-22
0.149412330000000	-8.70479280238276e-23	-6.37470020177558e-22
0.149913110000000	-3.48281656683716e-22	-3.48366124355122e-22
0.150413360000000	-7.01269735090850e-23	-5.45787742120935e-23
0.150913510000000	1.55124829925180e-22	-1.90494076103754e-23
0.151410010000000	-2.52156966988508e-23	-5.48972047590700e-22
0.151910120000000	-3.23032152175315e-22	-5.23428374305397e-22
0.152410340000000	-7.03633818767076e-23	-8.22237882334918e-23
0.152910410000000	1.50592561199230e-22	-4.73204721341722e-23
0.153410510000000	7.19532790292043e-23	-2.64929276784936e-22
0.153910740000000	-2.44282242763458e-22	-1.05318599056351e-22
0.154410740000000	1.01994324329066e-22	8.95030354679623e-23
0.154910880000000	-1.80897286024437e-23	3.85405418639585e-22
0.155411290000000	-4.70290113524443e-22	6.09648672114230e-22
0.155911870000000	1.89333131738817e-23	8.04329789689323e-22
0.156410420000000	1.84566169017489e-22	8.65621390972418e-22
0.156730690000000	9.11227251044689e-23	8.35419790984988e-22
0.156731320000000	9.10600484330068e-23	8.35206897711891e-22
0.157231780000000	1.62010416458555e-22	7.68744176122253e-22
0.157732310000000	2.60162599252185e-22	6.45146042502021e-22
0.158232360000000	2.01254111501304e-23	4.34837219591623e-22
0.158732490000000	1.43757025261204e-22	4.62458459256153e-22
0.159233290000000	7.22863436391412e-23	3.48988658611991e-22
0.159733370000000	-2.65661261880755e-24	3.05692320455825e-22
0.160233610000000	-2.43067864429593e-22	1.97259458892496e-22
0.160734100000000	-2.55035323448652e-22	-2.85555180925445e-22
0.161234510000000	-2.36795251854182e-23	-5.34666327424794e-23
0.161730880000000	1.56233837561221e-22	-5.53444407270701e-22
0.162230980000000	-1.48181081125893e-22	-7.98505863006566e-22
0.162731000000000	-2.39681655169302e-22	-4.32609514389465e-22
0.163231210000000	2.26699099816458e-22	-3.54018775852419e-22
0.163731470000000	-1.49326320674392e-22	-2.56010036431709e-22
0.164231660000000	-4.79081096796502e-22	-5.66764966181120e-22
0.164732150000000	-3.77482079484410e-22	-1.93029357186736e-22
0.165232640000000	2.69028509341421e-22	7.55181644426171e-22
0.165733190000000	5.32299165008243e-23	1.65462624189079e-22
0.166233550000000	-4.10624083892265e-22	1.02876519544961e-22
0.166731320000000	2.90205462629228e-22	1.11153165541594e-21
0.167231810000000	-6.88644209910789e-24	7.54376469570874e-22
0.167731960000000	-5.19381373388723e-22	-1.63619774490686e-22
0.168232540000000	3.69172906110125e-22	9.43244160588109e-22
0.168732840000000	-1.05947767188426e-22	1.33583975040261e-21
0.169233460000000	-6.36199177746129e-22	7.16547095981045e-22
0.169734070000000	-4.48564541673806e-22	-3.29380274908175e-22
0.170234300000000	3.45075323637119e-22	4.30032728646121e-22
0.170734850000000	4.31703778152810e-22	6.18567633760438e-22
0.171235020000000	-3.79603266752876e-22	2.41323592755633e-23
0.171732460000000	-2.31520300219978e-24	-2.85090310581018e-22
0.172232670000000	5.97478625500214e-22	-8.39549088250943e-23
0.172733180000000	4.02159191073112e-22	-5.54754113127372e-22
0.173234090000000	1.68310935384429e-22	-5.17829053072090e-22
0.173734430000000	5.58890860944914e-24	-3.21680186556707e-22
0.174234470000000	7.48993172203458e-22	-1.14307665240153e-23
0.174734510000000	4.01128214920807e-22	2.04739264994087e-22
0.175234730000000	-4.46432517239396e-22	-1.93979125891600e-22
0.175734780000000	-3.28901576158519e-22	-3.05866729474857e-22
0.176235280000000	4.20638344678119e-22	-1.45023447269682e-23
0.176731990000000	-1.27217802138991e-22	2.32786812970276e-22
0.177232330000000	-2.78949691705296e-22	-4.02745843421685e-22
0.177732540000000	5.30958846750403e-22	-5.95664816425036e-22
0.178232590000000	-9.84522821966322e-22	4.53318985264738e-22
0.178732880000000	-6.50868092047027e-22	-6.48219053129420e-24
0.179232970000000	2.62804871422636e-23	-5.82290262890872e-22
0.179733040000000	-2.34217299430293e-22	1.01476259833378e-21
0.180233050000000	-1.04480102508398e-22	5.50252054945960e-22
0.180733410000000	5.68350079943385e-23	4.73415530793735e-22
0.181233570000000	-6.55173402517763e-22	1.35101312440774e-21
0.181732410000000	-2.14911364694465e-22	1.39622124687857e-22
0.181794300000000	-1.32072551089718e-22	8.68796181514188e-23
0.181794740000000	-1.31368845033980e-22	8.25332729333171e-23
0.182295070000000	-1.59907380794891e-22	6.77361044679521e-22
0.182795780000000	-1.15312604971644e-22	7.27832189475990e-22
0.183296000000000	1.52632829449612e-23	8.31092520993785e-22
0.183796440000000	2.41377240615994e-22	4.25611288090319e-22
0.184296700000000	2.45744787012208e-22	5.28718359914726e-22
0.184797050000000	-3.12516763206342e-22	2.88568476953653e-22
0.185297190000000	-3.11793981923706e-22	5.41716480730499e-22
0.185797420000000	3.35012123843213e-22	-3.45288962289453e-22
0.186297630000000	2.14275789541734e-22	1.41012749562611e-22
0.186794470000000	1.73353847221493e-22	-3.92674275935653e-22
0.187294500000000	5.82124999350995e-22	-3.96671725336988e-22
0.187794830000000	-2.22752109348663e-22	-2.14104857878880e-22
0.188294910000000	-7.11574181735859e-22	-5.91909323605468e-22
0.188794980000000	-6.90174246629026e-23	-8.55636579147970e-22
0.189238900000000	4.29253411968776e-22	-7.81804435640126e-22
0.189239170000000	4.29040424713080e-22	-7.81181168967138e-22
0.189739470000000	-7.13395587197692e-22	1.38633868488149e-22
0.190239580000000	-6.55184865154111e-22	-9.32665514848181e-22
0.190739660000000	-2.47620157930773e-22	-5.75809624692857e-22
0.191239730000000	-3.03009758917245e-22	4.34078264730556e-22
0.191739910000000	-1.71871599034661e-22	-1.60440868159218e-22
0.192240600000000	-2.15652061005014e-22	2.16725277474580e-22
0.192740720000000	-2.11023259186363e-22	5.52063472326023e-22
0.193241210000000	4.68853028837792e-22	1.55364774955241e-21
0.193741310000000	7.93271592874785e-22	5.89962240722781e-22
0.194239020000000	-3.33880547420198e-22	8.13851636747566e-22
0.194739290000000	-3.51510477497803e-22	-5.33913176799435e-22
0.195239520000000	1.44382279828209e-21	1.30245274956201e-21
0.195739980000000	7.42556064152862e-23	-1.17610959162317e-22
0.196240490000000	-1.66406951625516e-22	-2.98715557837914e-22
0.196740580000000	8.70607362317363e-22	3.41962788465504e-22
0.197240840000000	3.74876074874990e-22	9.07541415535173e-23
0.197740900000000	-1.02502546578051e-22	-6.94047237142521e-24
0.197818530000000	-1.35438424459965e-22	-5.95432170602169e-23
0.197818970000000	-1.35535761265931e-22	-5.98688181554496e-23
0.198319090000000	5.72430976170650e-22	3.67797726789465e-22
0.198819540000000	4.80177160760060e-23	2.24766658774602e-22
0.199319750000000	-3.52970610606763e-22	-9.38527316518496e-23
0.199820060000000	6.69162242525505e-22	2.04062988894258e-22
0.200320450000000	-2.76686266633807e-22	3.31672711435865e-22
0.200820490000000	-8.73058055820105e-22	2.90230747189246e-22
0.201320530000000	-1.68271871030872e-22	4.07257108657059e-22
0.201820550000000	-9.09714863610463e-22	3.26837595126075e-22
0.202320750000000	-1.28053731989747e-22	-4.74508052585530e-22
0.202818590000000	1.14159856537531e-22	3.31976984962593e-22
0.203318630000000	-7.32441919308522e-22	-1.01869270434148e-21
0.203818690000000	-6.81942835753797e-22	-7.62862155229950e-22
0.204318700000000	-1.97452819988814e-22	-8.85647326402252e-23
0.204818810000000	-1.90496655764069e-22	-6.00937855999459e-22
0.205318920000000	-2.52533075628970e-22	3.68394137124481e-22
0.205819110000000	9.36988626919555e-23	-1.55167242003744e-22
0.206319350000000	1.58934362739403e-22	-4.13778314930222e-22
0.206426000000000	3.87083225171093e-22	-2.20563342109670e-22
0.206426530000000	3.88433291693037e-22	-2.19371529321999e-22
0.206926680000000	9.08401939659958e-22	1.69609625832294e-22
0.207426900000000	2.76274334419077e-22	2.22651129906776e-23
0.207926970000000	5.89323969241681e-22	-5.63931650071544e-22
0.208427350000000	6.48141468873225e-22	1.58824649397331e-22
0.208927480000000	-2.93309156954942e-22	1.17632835718834e-21
0.209427540000000	-3.69652019679530e-22	2.58261298858524e-22
0.209927770000000	4.80946683802391e-23	1.44021220070456e-22
0.210427860000000	-5.17958901375889e-22	9.76504330290423e-22
0.210928110000000	-3.36875831197114e-23	5.56600757778313e-22
0.211428130000000	-1.40228283286975e-22	-5.48108885471573e-23
0.211499230000000	-1.09686612124784e-22	3.05938153009622e-23
0.211499510000000	-1.09551034123200e-22	3.10191513788344e-23
0.211999670000000	-1.96512378246746e-22	7.49131245605094e-22
0.212499720000000	4.37963748448212e-22	2.94457689135199e-22
0.212999840000000	1.93889443806317e-22	5.18376809587630e-23
0.213500130000000	-9.47318059972887e-23	7.16484416068804e-22
0.214000180000000	1.03938467824937e-22	3.15755636917786e-22
0.214500290000000	1.39217532838218e-22	-8.64984117651339e-23
0.215000470000000	-8.09772257205010e-23	1.86050115372668e-22
0.215500640000000	5.85152723328600e-22	5.79766211108129e-23
0.216000650000000	1.20601064173928e-23	1.12721900081251e-22
0.216499440000000	-1.23510272852910e-22	-3.18941066937964e-22
0.216999660000000	2.28387354620396e-22	-3.97812803724879e-22
0.217500100000000	-1.58698194189448e-22	3.63858741046516e-22
0.218000720000000	1.34975281450900e-23	-4.91480772067866e-23
0.218147290000000	2.82152874714423e-22	-2.16935535994115e-22
0.218147890000000	2.83399926585087e-22	-2.17512478967937e-22
0.218648010000000	5.09084134236855e-22	-6.05545362657398e-22
0.219148040000000	-3.22646956389725e-22	-2.75719794952485e-22
0.219648140000000	3.43686468227857e-22	-3.96450794931252e-22
0.220148180000000	3.88863051434640e-22	-2.89514907655848e-22
0.220648380000000	1.23425886200986e-22	4.66823824607905e-22
0.221021100000000	9.44100225400591e-23	-3.32948457166360e-22
0.221021200000000	9.44495892144067e-23	-3.33226707235391e-22
0.221521300000000	3.49126129228679e-22	-7.78897628378598e-22
0.222021530000000	2.31726553136310e-22	2.21685108693774e-22
0.222521590000000	-4.00204022446097e-22	-2.00841009365251e-23
0.223021710000000	5.55865340697226e-22	-6.99457316309987e-22
0.223521980000000	1.18568398791760e-22	4.44794095898595e-22
0.224022120000000	-3.14071867352385e-22	-4.58741479857663e-22
0.224522160000000	2.96204161298297e-22	8.38100103422741e-23
0.225022190000000	-8.69764066175281e-22	1.22704809568256e-22
0.225522240000000	-2.35471970373067e-22	-2.54433546383133e-22
0.225736610000000	2.72017078223648e-22	-5.15197485195633e-22
0.225737050000000	2.73167363665502e-22	-5.15055996012626e-22
0.226237440000000	-5.63100785558818e-22	6.15346133866766e-22
0.226737630000000	-8.66747908538961e-22	-3.48717207697909e-22
0.227237640000000	2.38162575525843e-22	-2.91246572698371e-22
0.227737950000000	-4.38854794232347e-22	-7.64507320632453e-23
0.228238080000000	-1.68625585886442e-22	2.86667818234290e-22
0.228738080000000	2.16243101368747e-22	3.49313835165137e-22
0.229238200000000	-7.09153092751928e-23	4.97493010712807e-22
0.229738410000000	4.29948743850829e-23	2.70584877391387e-22
0.230238630000000	-3.90791561411217e-22	8.36971531202128e-22
0.230737540000000	-2.51805024839209e-22	4.91182607410100e-22
0.231237800000000	1.40983002449511e-22	5.95652964895174e-23
0.231737960000000	-3.69209721362856e-22	8.92527682317854e-22
0.232238110000000	-1.17426361133199e-22	5.10537432542292e-22
0.232738350000000	6.77224740743378e-23	4.02194142877751e-22
0.233238520000000	-9.14772663587584e-23	5.65645737127200e-22
0.233738590000000	5.40751797959344e-23	4.33672972872590e-22
0.234238750000000	2.66796594366966e-22	3.89172118073937e-22
0.234739100000000	1.80263571079018e-22	5.82564555968390e-22
0.235239150000000	1.35196516489888e-22	7.18552811042641e-23
0.235737500000000	-5.28209204321306e-23	2.69637944368401e-22
0.236237750000000	2.09760671019785e-23	4.55314553446377e-22
0.236738150000000	1.92234202821003e-22	1.72817008891381e-22
0.237238470000000	-1.81655984863940e-23	3.29868916368692e-22
0.237239060000000	-1.82782803822957e-23	3.29938832941087e-22
0.237239660000000	-1.83909882044318e-23	3.30007832372944e-22
0.237739680000000	5.28800549318291e-23	-9.68956484027646e-23
0.238239950000000	3.73669694784412e-23	2.58410465447668e-22
0.238739980000000	-1.29567169436463e-22	2.17158922910551e-22
0.239240340000000	3.52948258952002e-22	-3.48513534441892e-23
0.239740370000000	5.11520973408133e-23	-1.19564076376041e-22
0.240240460000000	-7.26325593314355e-23	1.32438004047876e-22
0.240740550000000	2.03397161066858e-22	-9.09422039756966e-23
0.241240830000000	1.78761813400862e-22	1.42474963251874e-23
0.241740970000000	5.31917077129992e-23	-7.78331901741897e-23
0.242239590000000	5.55074519253403e-23	-5.40948869747949e-23
0.242739870000000	9.55251390450612e-23	3.06756352556884e-23
0.243239980000000	8.06493787652204e-23	-1.63109708238286e-22
0.243740110000000	5.77948587635726e-24	2.55281596748433e-23
0.244240280000000	-4.41280096229354e-23	7.01728046097994e-23
0.244740520000000	8.99912912757434e-23	-1.71285147614403e-22
0.244740860000000	8.97272973948072e-23	-1.70995272870060e-22
0.244741200000000	8.94623312800841e-23	-1.70704610616349e-22
0.245241440000000	-1.26933653851653e-22	8.88316010923914e-23
0.245741460000000	1.18680983464283e-22	-8.98848608430915e-24
0.246241470000000	6.51788577070230e-23	-3.57525558306182e-23
0.246741770000000	-7.54019478287442e-23	2.45775240615193e-22
0.247241980000000	3.19636797435870e-23	-1.59427868609634e-23
0.247742160000000	2.06055630652198e-22	4.28907935174160e-23
0.248242220000000	-1.86873561741600e-22	1.08987624643692e-22
0.248742420000000	9.58295162767259e-23	-9.87176825757801e-23
0.249242470000000	1.24758977521011e-22	-4.00501888952169e-23
0.249741700000000	-2.05726101732466e-22	5.78473691104031e-23
0.250241920000000	-9.99518231817537e-24	-7.04964839229135e-23
0.250742030000000	1.08281825044533e-23	-9.79203309616885e-23
0.251242160000000	-9.31547650162341e-23	1.77470894341734e-22
0.251742200000000	-1.40510817666228e-22	-1.87154067393017e-22
0.252242280000000	2.75456517283771e-25	-4.19964000082746e-23
0.252742440000000	-5.99960187425690e-23	4.77079235021482e-23
0.253242620000000	-5.07650575518071e-24	-1.21610790536430e-22
0.253742660000000	6.10232874433661e-23	1.84064570921372e-22
0.254243040000000	-1.07796816497601e-22	-7.79743163899168e-23
0.254741510000000	-5.77063498403926e-23	-1.38203700408355e-22
0.255241810000000	-1.48814964591834e-24	2.40175984197472e-22
0.255586580000000	-4.75643537388367e-23	-1.25684019079895e-22
0.255586870000000	-4.75611226818849e-23	-1.25954698688506e-22
0.256087040000000	-1.40391608840836e-22	-4.54781182750105e-23
0.256587220000000	2.21617353721165e-23	-3.21361313319280e-23
0.257087350000000	9.75692022479910e-23	2.93413963757169e-22
0.257587460000000	-2.23076316908801e-22	-1.30667297337250e-22
0.258087460000000	2.29189648422904e-22	1.96818168458181e-22
0.258587490000000	-1.47216229834215e-22	2.67890010613844e-23
0.259087770000000	-1.15405394964266e-22	9.56305745584712e-23
0.259587980000000	1.99414081280893e-22	1.47111520255366e-22
0.260087980000000	-5.83381105958994e-24	-6.55654697131630e-24
0.260586840000000	1.07632094167865e-22	2.44909751616537e-22
0.260841540000000	5.69480010050520e-23	1.81256886135197e-22
0.260841610000000	5.69535524599752e-23	1.81172386055999e-22
0.261341680000000	2.34893202840504e-22	-1.09312976198919e-23
0.261841690000000	5.82475275739739e-23	1.28169810222344e-22
0.262341830000000	4.56070364751534e-23	2.00234691967947e-23
0.262841920000000	2.38126554264039e-22	6.77496026377715e-23
0.263342300000000	-6.09709196908243e-23	-4.26954425826142e-23
0.263842370000000	2.83732356002283e-22	1.01427508790524e-22
0.264342600000000	-6.54654268564910e-24	7.02316571616998e-23
0.264842820000000	-7.37780905500710e-24	1.97971004393336e-22
0.265342870000000	2.02398129276012e-22	5.28834966394347e-23
0.265841680000000	-2.73519211832202e-23	1.10646699470906e-22
0.266341730000000	7.63544128619771e-24	1.05544970730514e-22
0.266637740000000	2.08420174519083e-22	8.02712154706886e-23
0.266637900000000	2.08358444155174e-22	8.03042228077538e-23
0.267137960000000	5.28987315428755e-23	1.20254935982674e-22
0.267638080000000	-4.42259330099520e-23	-2.89571634256534e-23
0.268138110000000	4.23515991407599e-23	6.16685492853937e-23
0.268638130000000	-7.40552322725854e-23	1.50191566614602e-22
0.269138420000000	-1.40559403429338e-23	-1.47798027495413e-22
0.269638780000000	1.02051352322226e-22	1.95495298556036e-22
0.270139140000000	-1.46345374105054e-22	-9.76263274645300e-23
0.270639440000000	3.75655611925327e-23	1.35704067897560e-23
0.271097620000000	8.33841298134811e-23	5.75759441225557e-24
0.271097810000000	8.33024783792780e-23	5.62661183570512e-24
0.271598020000000	-3.21474811891563e-22	-1.67404641733736e-22
0.272098540000000	2.11990126242760e-22	3.06867242301838e-22
0.272598810000000	-6.67662400147909e-23	-1.50532007238202e-22
0.273098860000000	7.83339456676911e-24	1.22579102980389e-22
0.273598950000000	-1.77996950599150e-23	-9.35454312372655e-23
0.274099250000000	-1.80618241964479e-22	-4.31810150251435e-23
0.274599540000000	5.25000703193364e-23	3.38542657968389e-22
0.275100340000000	-1.28050912511765e-22	2.57278694577897e-23
0.275600640000000	-7.97832156844713e-23	2.30715313329880e-22
0.276097840000000	-1.09828866131704e-22	2.38510505590382e-22
0.276597850000000	-4.39541048691609e-22	-2.21483817410535e-22
0.277097870000000	2.50306222751765e-23	2.80292142395910e-22
0.277597870000000	-4.64141363533483e-22	-2.75433896644329e-22
0.278097970000000	5.11366096565880e-23	9.29307688332910e-23
0.278598470000000	-7.31308583142353e-23	1.60768783170864e-22
0.279098790000000	-1.39981374794454e-22	2.07685438001647e-23
0.279598800000000	-1.17581792148710e-23	3.49958034031557e-22
0.280099220000000	-1.32284306849284e-22	-7.15320522594713e-23
0.280218580000000	-2.52271019734049e-22	-2.27992955021623e-22
0.280218960000000	-2.52312080407649e-22	-2.28466974085984e-22
0.280719220000000	1.82872738689025e-22	3.34239460485750e-22
0.281219510000000	-2.01597316509639e-22	4.35845633438513e-23
0.281720210000000	1.49246872970106e-22	-1.28902916627798e-22
0.282174570000000	9.60491049998351e-23	4.46359440907193e-22
0.282174820000000	9.58055021021895e-23	4.46344309708689e-22
0.282675110000000	-2.17011029947667e-22	3.98920777552327e-23
0.283175650000000	1.58911917102043e-22	1.90564115825762e-22
0.283676050000000	1.00444752193271e-22	2.15731547598652e-24
0.284176130000000	-2.05488209087929e-22	9.75903612959732e-23
0.284676470000000	-1.29547928929820e-22	1.08423819789110e-22
0.285176540000000	-1.36727159233853e-22	3.07305463718166e-22
0.285677100000000	-1.03608977794556e-23	1.85034565329783e-22
0.286177530000000	-3.20935377697239e-23	4.07198094066194e-22
0.286677700000000	-9.90403831735487e-23	2.44248059023510e-22
0.287174730000000	-3.44686400955346e-23	1.39242729897195e-22
0.287675070000000	-1.83894747605035e-22	3.17293088539038e-22
0.288175600000000	-8.41612686871431e-23	-4.83453912699842e-23
0.288676130000000	1.35527464870949e-22	3.45013515494507e-22
0.289176190000000	-3.15263858382917e-22	-1.34821649067894e-22
0.289676330000000	2.17594412349938e-22	3.85920018742212e-22
0.290176360000000	-3.89493600138692e-22	2.86056847077927e-23
0.290371040000000	-1.87385416904169e-22	2.23930109935002e-22
0.290371390000000	-1.86435272268907e-22	2.24668553903945e-22
0.290871600000000	-6.32735355062631e-23	-7.61518576748144e-23
0.291371760000000	5.56577041755471e-23	7.80193836389527e-22
0.291701910000000	-5.88962894576344e-23	-5.28337085472076e-23
0.291702340000000	-5.89436793731872e-23	-5.38062210411264e-23
0.292202650000000	1.82548430664729e-22	2.29388671160641e-22
0.292702950000000	-2.78053049095328e-22	2.67788383016099e-22
0.293203340000000	-2.66887423688117e-22	1.58054073101730e-22
0.293703850000000	-2.60786108983620e-22	2.56931198777783e-22
0.294204240000000	-5.27211011892296e-23	-1.99206266308943e-22
0.294704360000000	-6.85428092951517e-23	1.69024749430771e-22
0.295204510000000	-1.23430300142379e-22	-6.18190899649573e-23
0.295704810000000	-5.52714130065568e-23	2.58704958302500e-22
0.296204960000000	6.13990590427822e-24	-1.55451856963300e-22
0.296705360000000	2.34172482693496e-22	5.20776564521497e-22
0.297205760000000	2.05594681650712e-23	-1.23610338395037e-22
0.297705970000000	2.14843833335627e-22	-3.10643709444969e-22
0.298206140000000	2.05973334302916e-23	5.79455459263601e-22
0.298483730000000	4.26597826677003e-22	4.02870153233678e-23
0.298484080000000	4.26541835733216e-22	3.92241563844117e-23
0.298984310000000	3.40466173904081e-22	2.19410114040222e-22
0.299484730000000	-9.66879695435449e-23	7.93043613774095e-23
0.299985140000000	5.44108986041095e-22	5.70606180853680e-23
0.300485300000000	-4.09701132636023e-22	-1.06786866521328e-22
0.300985530000000	7.31348493339305e-22	7.34695797044223e-22
0.301485810000000	-3.09934954255099e-22	-1.98647455495247e-24
0.301986080000000	2.53060655052652e-22	5.95617057060644e-22
0.302486300000000	-3.74673817839522e-23	1.38052984726710e-24
0.302986670000000	3.16268201811019e-22	5.01906942382995e-24
0.303483910000000	-7.76611534055978e-23	8.88691040384873e-22
0.303983990000000	2.37465924646620e-22	-4.77492567252866e-22
0.304484440000000	2.17029764892741e-22	7.26343407878110e-22
0.304984680000000	-1.46834258624017e-22	2.29708895803032e-22
0.305171250000000	4.13031098171741e-22	1.96204948200990e-22
0.305171630000000	4.14079950462607e-22	1.96543677693126e-22
0.305671970000000	-1.83119575884402e-22	4.89129521877627e-22
0.306172030000000	1.29708778528304e-22	-1.30961880933901e-22
0.306672210000000	-2.23645038025565e-22	6.87773593999296e-22
0.307172440000000	2.62308779410532e-22	1.67911256556193e-22
0.307672570000000	1.25716601874873e-23	2.82890239503863e-22
0.308172690000000	-1.15515484236736e-22	5.37010091414874e-22
0.308672700000000	-8.78096148618365e-23	-4.63029516974785e-23
0.309172720000000	1.99276707887584e-22	3.60914992141865e-23
0.309341640000000	-7.75215633192540e-23	8.49562999032634e-23
0.309341730000000	-7.76950487161884e-23	8.51245676455414e-23
0.309841870000000	2.40217239317830e-22	-2.49222752456527e-22
0.310342380000000	-1.90836176006351e-22	4.87128227238983e-22
0.310842440000000	1.24588638920767e-22	1.13202403944971e-22
0.311342480000000	-9.22661271311111e-23	-2.54418013327998e-22
0.311545330000000	-1.91424228371578e-22	9.85567260315796e-23
0.312045510000000	2.03677498197752e-22	-9.96856579786934e-23
0.312545540000000	-1.68762055102330e-22	4.71690791296554e-23
0.312887930000000	-1.11877858559933e-22	2.92772396403532e-22
0.313387940000000	2.72786918862350e-22	-1.80517165299214e-22
0.313888220000000	-7.49857799154824e-22	3.41467577945367e-22
0.314164430000000	-5.26648383440596e-22	-2.06087918536261e-22
0.314624390000000	-2.86598251666058e-23	1.57177627028295e-22
0.315124580000000	-5.49788629989097e-22	-2.04157136773402e-23
0.315624790000000	2.39066694613633e-22	-1.72668276566661e-22
0.316125090000000	-1.62937846471775e-22	-2.97762574279995e-22
0.316625290000000	-1.13638489687747e-22	-2.32949315366197e-22
0.317125540000000	-4.44505287370638e-23	-9.15964524986945e-23
0.317625890000000	1.76302415164948e-22	-1.26570210176654e-22
0.318126580000000	-7.84851085768783e-23	-1.30599364121780e-22
0.318626870000000	9.94379360505706e-23	-2.18861197325697e-22
0.318754450000000	1.23795273465202e-22	-1.43889845359612e-22
0.318754560000000	1.23788487273369e-22	-1.43809687924661e-22
0.319254720000000	-1.97954317620773e-22	-4.60538654012747e-23
0.319754750000000	2.01896323770020e-22	-1.93008331010704e-22
0.320254820000000	-1.48746188773749e-22	4.34726203456276e-23
0.320754830000000	1.22696937715362e-22	4.81361049842368e-24
0.321254930000000	-1.07279675624011e-22	2.06646424716704e-22
0.321755050000000	2.28736438402361e-23	-2.07535124176634e-22
0.322097390000000	-2.08211432684256e-22	4.15590406392376e-24
0.322097510000000	-2.08151400488695e-22	3.97034028257676e-24
0.322597960000000	5.77753460314695e-23	2.52538883105457e-22
0.323098040000000	2.03950666724857e-23	-5.12505716603091e-22
0.323598270000000	-2.20930859444235e-23	2.58811913741396e-22
0.324098490000000	3.43757253329102e-22	-1.80121991154190e-22
0.324598780000000	-2.78103245525745e-22	-3.57237572936164e-22
0.325098980000000	7.33435749648608e-22	1.61745207285385e-22
0.325599380000000	-4.40891928649155e-22	-1.66174114596671e-22
0.326099520000000	4.74991434261259e-22	-2.24109986148695e-22
0.326599530000000	-7.29182696743918e-23	6.19182286442074e-23
0.327099880000000	1.72136464685227e-22	-1.47821312494609e-22
0.327600030000000	-1.17507153760890e-22	-1.55703827553072e-22
0.328100230000000	9.00077836015486e-24	-9.05314643677450e-23
0.328324270000000	6.07391067482345e-23	-1.41350529506414e-22
0.328324530000000	6.07687696010728e-23	-1.41373908488210e-22
0.328824650000000	-7.14120105538028e-23	-5.66925336144269e-23
0.329324840000000	-7.95034327268358e-23	-3.18953641161608e-23
0.329825080000000	5.39884662644808e-25	-1.52230062158712e-22
0.330325730000000	-4.52680412391164e-23	-2.60844669865385e-22
0.330826150000000	3.89881045025110e-23	-7.99127237064450e-24
0.331326210000000	5.17005733093550e-24	-5.13963581166548e-22
0.331826240000000	-4.10687269366076e-23	-3.22803233248631e-23
0.332326590000000	-3.52765103069667e-22	-6.42443861285621e-22
0.332826980000000	-1.23127138202948e-22	-1.72164526593096e-22
0.333324660000000	-1.88942040975699e-22	-6.95965182178614e-22
0.333824940000000	-3.57219761613188e-22	-2.19484113994522e-22
0.334325310000000	-3.00562215451972e-22	-6.16725626664660e-22
0.334725490000000	-1.56319300151869e-22	-1.65574447278469e-22
0.334993080000000	-2.08989034989357e-22	-2.04276164115152e-22
0.335493190000000	1.85056521609470e-22	-2.08966229625496e-22
0.335634220000000	1.54276666132605e-22	2.22507206898522e-23
0.336134360000000	-5.96618175913353e-22	-5.58658027156848e-22
0.336634600000000	6.82078682740061e-23	5.98521372162899e-22
0.337135090000000	2.90825005646813e-23	-5.02578409166359e-22
0.337635300000000	-2.47784134881272e-22	2.04645813882490e-24
0.338135700000000	-2.27928868611169e-23	7.44107814092340e-23
0.338636090000000	-1.57437041688095e-22	-8.30140652263941e-23
0.339136610000000	1.40088728849204e-22	-3.05136604586350e-22
0.339636980000000	-4.06296625935863e-22	-1.30883240183658e-22
0.340137420000000	3.56602026950447e-22	-1.78134090656351e-22
0.340634460000000	-3.64228099143718e-22	-1.93104588637166e-23
0.341134770000000	-8.03542571992070e-23	-2.38949977947516e-22
0.341634880000000	-3.52583522206067e-22	-1.68531136614824e-22
0.342135260000000	3.15021081883990e-22	-2.00414292715401e-22
0.342635280000000	-1.60169767249300e-22	1.70610303939020e-22
0.343135770000000	7.57151237761804e-23	2.72379721426162e-24
0.343636350000000	-2.17676037857907e-22	1.43075609285421e-23
0.344136620000000	4.10810386571290e-23	-6.23627955063846e-23
0.344636870000000	2.01741025626459e-22	1.40732308726780e-22
0.345137050000000	-1.42176785630991e-22	-1.08531164121522e-22
0.345637380000000	2.50169659553278e-22	-1.12732763173430e-22
0.346137510000000	-2.57857582019293e-22	-2.79823619693223e-22
0.346637860000000	2.59899587327374e-22	2.64299865594414e-22
0.347138120000000	-1.13512974305858e-22	-2.22985970463764e-22
0.347638280000000	3.60190622877377e-22	1.17664947304504e-22
0.348138830000000	-3.10441718153403e-22	-1.84420745528423e-22
0.348318000000000	-7.93540976171680e-23	-1.15918701995956e-22
0.348318510000000	-7.85647572094804e-23	-1.15495320107996e-22
0.348818710000000	1.05680279747416e-22	2.75800432022770e-22
0.349318800000000	3.73691991345925e-24	2.97684827984836e-23
0.349819250000000	7.85976900086220e-23	2.79073226971039e-23
0.350319470000000	-3.01482567603224e-24	-1.46336089272389e-22
0.350819810000000	1.86425848082733e-22	1.56331051217573e-22
0.351320300000000	-2.60719216058302e-22	5.77978986145463e-23
0.351820370000000	9.78331864065893e-23	1.79332803063129e-22
0.352320780000000	-4.13937025614374e-23	-6.05618523249862e-23
0.352821040000000	2.95340059353176e-23	1.51058838041869e-22
0.353318290000000	-1.68203364197467e-22	-1.16238132647422e-22
0.353818320000000	2.41628076933014e-22	-2.12473297267835e-22
0.354318540000000	-2.08360771034704e-22	-1.13292261032336e-22
0.354818700000000	4.23146827757154e-22	1.70714883886697e-22
0.355318770000000	-2.17797479580229e-23	-2.54653196681049e-22
0.355351260000000	-5.35263959533602e-24	-2.65927673383041e-22
0.355351530000000	-5.22321583362390e-24	-2.66076162649314e-22
0.355851840000000	2.59703027581897e-22	-6.41346980645682e-25
0.356352080000000	-1.10089953033617e-23	-5.22226790568167e-23
0.356852160000000	3.31706862768020e-22	5.78165687440341e-23
0.357352370000000	1.03126221589230e-22	-1.39977190948391e-22
0.357852680000000	8.45839635298943e-23	1.12879764922009e-22
0.358352990000000	1.59670810388304e-22	1.95037684316438e-22
0.358853780000000	7.47258110824239e-23	-1.53546275500197e-23
0.359353800000000	-4.27552673683014e-23	3.43257807110434e-22
0.359853880000000	-1.17932172242392e-22	-1.11678550633619e-22
0.360351530000000	3.35177338771400e-22	1.02083154089396e-22
0.360851800000000	-4.65198084436465e-23	1.88637083644541e-22
0.361352120000000	-8.83275886157039e-23	-1.96234286975900e-22
0.361852330000000	1.35858186397459e-22	5.28437533426159e-22
0.362352630000000	2.29601713509585e-22	3.99788366575963e-24
0.362852870000000	-1.25216212589432e-22	1.58591024859118e-22
0.363352950000000	1.51769803443215e-22	3.34717407374610e-23
0.363853100000000	-7.81956972639732e-23	3.83572978324270e-22
0.364353340000000	8.81025910319602e-23	1.00703107118243e-22
0.364853480000000	-2.33668962815261e-22	5.34006034848421e-22
0.365018550000000	-1.86508332397214e-22	3.15522339698282e-22
0.365018960000000	-1.85959558276977e-22	3.14880483915287e-22
0.365519480000000	1.16224417669468e-22	2.14450068929594e-22
0.366020450000000	7.46318770947129e-23	-1.19647905613927e-22
0.366520500000000	1.91718474927183e-22	1.23429023275339e-22
0.367020940000000	7.71210192029477e-24	-1.74956807955307e-22
0.367521070000000	-8.40621786195823e-23	-1.45399549428586e-22
0.368021180000000	1.41873717674159e-22	-1.77914394987525e-22
0.368521450000000	3.75929457775303e-23	-1.18456400700288e-22
0.369021840000000	-2.42199892994000e-22	-1.68243083188442e-22
0.369522200000000	2.45307858666817e-22	-5.40045275666404e-23
0.370018570000000	-4.41533946471114e-23	-3.78765139653762e-23
0.370518970000000	2.34637411371950e-23	-1.45207536496452e-22
0.371019120000000	9.59439838420162e-23	1.33782224203981e-22
0.371519240000000	-3.49549705563397e-22	-1.95238849209286e-22
0.372019490000000	3.20644031639098e-22	3.90212252668514e-23
0.372519530000000	-1.97983202686582e-22	8.89580887080670e-23
0.373019630000000	-6.20755133854728e-23	2.40575069963098e-23
0.373519980000000	1.27402163591222e-22	4.23613830534354e-23
0.374020400000000	-9.74141568852148e-23	-1.27703128282294e-22
0.374520730000000	2.55260855760979e-23	2.68834892223539e-23
0.375018720000000	-8.26778635421048e-23	-2.42092629681070e-23
0.375519160000000	3.48246465061410e-22	1.91455411149903e-22
0.376019740000000	-2.59407517122368e-22	4.75917836947445e-23
0.376520280000000	3.10335044662304e-22	3.06954785472790e-23
0.377020570000000	-1.04771156896403e-22	4.12473003570268e-23
0.377230470000000	-2.26514385119284e-22	-5.40939597878401e-22
0.377231180000000	-2.26199682764803e-22	-5.50587047819574e-22
0.377731520000000	8.38441778783250e-23	5.18113253211897e-22
0.378232070000000	8.26849122370599e-23	-3.30352823050666e-22
0.378732510000000	1.18631535653881e-22	4.97937438221475e-22
0.379232720000000	1.96758528396913e-22	-1.15841535800290e-22
0.379732730000000	3.59653227133226e-23	2.58103395128414e-22
0.380233720000000	1.11879414133992e-22	-3.84486690118757e-22
0.380733820000000	-9.08482148947377e-23	3.51403852618394e-22
0.381234470000000	1.64677088456278e-22	-1.62329698034173e-22
0.381734670000000	-1.76586949105022e-22	2.34697232916858e-22
0.382230690000000	2.29940906433159e-22	2.72541896503376e-22
0.382730920000000	-7.03302773162636e-23	4.90551478606554e-23
0.383231270000000	1.79965432347486e-22	1.86559523746873e-22
0.383731350000000	1.20454905027964e-24	-4.86026475707772e-23
0.384231670000000	8.36769666300954e-23	-2.35484097369169e-24
0.384732320000000	1.43236290363382e-22	2.35008004206062e-22
0.385232720000000	1.63078661572691e-22	3.48153678309567e-25
0.385732870000000	2.02453429933810e-22	1.55183400529282e-22
0.385816670000000	1.11948964498328e-22	5.30489902746408e-23
0.385817170000000	1.11196377768564e-22	5.23093796251532e-23
0.386317680000000	9.20458286773375e-23	1.51777620202861e-22
0.386818110000000	3.40805807573638e-22	3.12509345062548e-22
0.387319280000000	-3.39713327911974e-23	1.73890465178614e-22
0.387820220000000	2.81110131292518e-22	1.44738517954535e-23
0.388321240000000	1.16728689408498e-22	4.21555352345143e-23
0.388822200000000	1.48830530054763e-22	-6.12124646936211e-23
0.389322690000000	-1.17697186576877e-22	2.34200609416951e-22
0.389823580000000	-7.89126840332397e-24	-2.66247768394261e-22
0.390323820000000	-7.05410187119121e-23	3.07304475280483e-22
0.390816710000000	1.72611838395331e-22	-3.14063771885719e-22
0.391317510000000	-1.11401788082281e-23	3.30617030823036e-22
0.391818180000000	-1.05070472030817e-22	-1.69499293501378e-22
0.392318940000000	-2.13182933949673e-22	4.27431371314202e-23
0.392819730000000	1.56332917906444e-22	-2.48077807818943e-22
0.393320230000000	-2.54171108076256e-22	4.22901604469864e-24
0.393820490000000	1.66006796402724e-22	-2.52975062830833e-22
0.394320790000000	8.21772603652301e-23	-1.09644144952972e-22
0.394821150000000	-8.13943982753425e-23	9.31943673391538e-23
0.395321390000000	-1.93332421902788e-22	-1.44420406300240e-22
0.395797580000000	2.33822070192022e-22	2.13131726396117e-22
0.395797730000000	2.33952936100518e-22	2.12969282334222e-22
0.396298010000000	-1.68381406130083e-22	-2.17524563833908e-22
0.396798450000000	-6.09936602390999e-23	3.05681256435330e-23
0.397298670000000	-1.00556325742655e-22	-1.74508232249148e-22
0.397799570000000	8.53009114098093e-23	-5.48654211402645e-25
0.398300120000000	-2.96866249266397e-22	-1.44231724889217e-22
0.398800570000000	3.49629182434697e-22	3.12430438568403e-22
0.399300820000000	-2.82707083621528e-22	-3.47798236118635e-22
0.399801010000000	-1.34162915306359e-23	1.67658180860684e-22
0.400301440000000	-1.65514142857447e-22	-1.05180642322769e-22
0.400798050000000	9.47706856264268e-23	1.59527639240845e-22
0.401298120000000	5.19313265171172e-23	-3.22010344187621e-23
0.401798610000000	1.12093159732042e-22	-2.51334781282720e-22
0.402298670000000	-9.79435770715333e-24	-2.79301604687582e-22
0.402798920000000	2.99225300012385e-23	1.07931480599424e-22
0.403299380000000	-5.89703283012861e-23	-3.68031134195466e-22
0.403516950000000	4.59200827914180e-23	-1.38479393502527e-22
0.403517490000000	4.59221698532805e-23	-1.37071041565059e-22
0.404017620000000	-5.25080880072991e-23	-2.22835270986015e-23
0.404518180000000	9.23670028680606e-23	-3.46845401636563e-22
0.405018200000000	-4.89033594810653e-25	-4.07883768425964e-23
0.405518980000000	4.79498865654733e-23	-3.12699595010748e-22
0.406019330000000	9.20599098633511e-24	2.44305245814856e-22
0.406519890000000	6.41320730333436e-24	-5.87336972921263e-22
0.407020100000000	-2.55719302880854e-22	4.13368430888002e-23
0.407520190000000	2.27608763877612e-22	-3.56965075250372e-22
0.408020460000000	-3.20168547742498e-22	2.59675049934289e-22
0.408517220000000	1.83404748257996e-22	1.49698841772181e-22
0.409017300000000	1.90481987997004e-24	5.16483027801920e-23
0.409517580000000	-3.20451496941499e-23	-2.21604150786339e-22
0.410017970000000	4.27930483732603e-23	7.23769979582110e-23
0.410518400000000	-6.05174795749521e-23	-2.21264824990815e-22
0.410548630000000	-8.09452035803398e-23	-2.14725412019603e-22
0.410549270000000	-8.12946049586759e-23	-2.14616836191061e-22
0.411049330000000	-2.35960845169692e-22	-2.44488709571223e-22
0.411549920000000	-2.86083972400581e-23	-4.42315849290332e-23
0.412050210000000	3.07710535203140e-23	-3.95193116545298e-22
0.412550390000000	-1.29567989353623e-22	-1.95372894322265e-22
0.413050540000000	3.10329036257501e-22	1.92740875977487e-23
0.413551110000000	1.84929204354296e-23	9.13953556622121e-24
0.414051350000000	2.23735689103856e-23	-8.92892898699124e-23
0.414552000000000	4.75424687562936e-23	1.13486931403487e-22
0.415052520000000	-8.13137871312914e-23	-2.47300302737221e-23
0.415548630000000	-4.77258028814893e-23	1.89565343297259e-22
0.416049030000000	-3.07191135506385e-22	2.52061026958417e-22
0.416549370000000	3.58188265263125e-23	-4.11277687500184e-22
0.417049590000000	5.23357077161024e-23	3.37215400051085e-23
0.417550240000000	2.12697076318566e-23	1.48831032375552e-22
0.418050800000000	6.04780295686590e-24	-3.30321478233377e-22
0.418443070000000	3.32902052447711e-23	-9.28381117126201e-23
0.418443540000000	3.29471590346220e-23	-9.38767814749582e-23
0.418943660000000	2.30260651440215e-22	2.00176195901768e-23
0.419444030000000	3.17382122468463e-23	-2.47389083885861e-22
0.419944250000000	2.85332296329798e-22	-1.21688932206662e-22
0.420444260000000	8.07898082134003e-23	-1.27699391663773e-22
0.420944520000000	6.46176616797693e-23	-5.17606259218264e-22
0.421444740000000	-8.33307703824768e-23	2.35906928324650e-22
0.421944810000000	2.65747998097663e-22	-4.47248159811798e-22
0.422444920000000	-1.36940117322535e-22	-1.48509722072099e-22
0.422945160000000	1.89989363618740e-22	-9.64138125787563e-23
0.423443260000000	1.56191273166030e-22	-1.66282055232471e-22
0.423943630000000	-1.05363477367955e-22	-2.68402011611481e-22
0.424443630000000	6.34885644529117e-23	3.64319401618646e-22
0.424944140000000	2.55731352098253e-23	-4.63962184087337e-22
0.425256970000000	2.29589580031925e-22	1.18196334643851e-22
0.425257030000000	2.29527104288778e-22	1.18207742186951e-22
0.425757210000000	-1.76729776729877e-22	-3.56531948339087e-22
0.426257380000000	7.35645491211163e-23	2.66045618304509e-23
0.426757680000000	-9.10334902467280e-23	-8.01154441733515e-23
0.427258000000000	7.96643179738920e-24	-1.51586488762695e-22
0.427758240000000	1.87194978990770e-22	-2.75739469723552e-22
0.428258380000000	3.46853866552068e-22	-2.45775081817008e-22
0.428758770000000	4.12725683890704e-22	-2.50946062770041e-22
0.429258860000000	1.94861094252945e-22	2.60514321028492e-23
0.429758970000000	1.07915043366867e-22	-2.93555064046662e-22
0.430257030000000	1.44614665092421e-22	-1.40781850519781e-22
0.430757280000000	1.17640275251772e-22	-2.94874168163273e-22
0.431257330000000	1.73226050330985e-22	-3.30923945584884e-23
0.431318810000000	1.06035099708724e-22	-9.68197169440077e-23
0.431319260000000	1.05435455075978e-22	-9.73501126048924e-23
0.431819720000000	2.60449706371015e-22	-9.57912426733150e-23
0.432320300000000	-5.37307530138080e-23	-5.17175472149626e-22
0.432820470000000	3.14743703584588e-22	7.22698415909982e-23
0.433320590000000	3.14474061025350e-22	-4.18636230122314e-22
0.433820670000000	3.05255093958739e-23	5.19859563336031e-24
0.434321040000000	4.86878930292126e-23	-2.19044285151666e-22
0.434821120000000	1.75972850596644e-22	-1.87825171209101e-22
0.435321480000000	-1.67189236856690e-22	3.67937209930093e-23
0.435821930000000	-3.19868156669359e-25	3.04682778817742e-22
0.436318970000000	-2.46744959557365e-22	-3.02231164933682e-22
0.436819100000000	2.57039492658526e-23	2.93177561871105e-22
0.437319150000000	-2.54550185270548e-23	-1.13853492708162e-22
0.437819550000000	-1.02879303374371e-22	-9.17483672686769e-23
0.438319790000000	1.70085738440077e-22	-4.63298760918170e-23
0.438359490000000	1.96364177409830e-22	-1.40466068985796e-24
0.438359600000000	1.96382944762696e-22	-1.26895953866176e-24
0.438859980000000	-1.25097412102231e-22	-2.87996874784100e-22
0.439359990000000	-9.79956337092632e-23	8.58901887896079e-23
0.439860100000000	-2.98007609602086e-23	2.13135142177488e-22
0.440361110000000	-2.11515825230600e-22	-4.75627284880230e-22
0.440861350000000	-1.45491331538848e-22	1.36332503613516e-22
0.441361440000000	-1.97487169008506e-22	2.43342987146609e-23
0.441861450000000	-2.21390823248818e-22	-3.02281247936824e-22
0.442361740000000	2.10957195900543e-22	2.47209259524636e-22
0.442861840000000	-8.30317825667707e-23	5.59546373371835e-23
0.443018100000000	5.91342906682778e-22	1.47024748389885e-22
0.443518190000000	-3.54153702457365e-22	-8.31841672497501e-23
0.444018490000000	1.59281058067032e-22	-1.23294080466496e-22
0.444518510000000	4.40932652281709e-23	-7.16459170398137e-23
0.445018840000000	-6.84398432555604e-23	-3.48146224517201e-22
0.445519020000000	-2.36073105764286e-22	-3.42644194718949e-22
0.446019310000000	5.22014717212231e-22	-5.51136583522944e-22
0.446519430000000	-2.03484824146643e-22	-1.14115697678930e-22
0.447019500000000	1.05799533943717e-22	-2.78787941170170e-22
0.447043230000000	2.96713825694066e-23	-2.72746885515785e-22
0.447043240000000	2.96380284689573e-23	-2.72746049394728e-22
0.447543260000000	1.61010117523007e-22	-2.98311789146214e-22
0.447736220000000	2.38457045695220e-22	-8.83011373751416e-23
0.447736330000000	2.38347102257818e-22	-8.80780518511789e-23
0.448236360000000	-9.44108943096881e-23	-8.14722696645822e-22
0.448736770000000	1.95453907322948e-22	2.97303780396736e-22
0.449237190000000	-2.06556580592457e-22	-7.65432482100170e-22
0.449737650000000	2.39540259968894e-22	-2.71564231170386e-22
0.449885970000000	-1.50032622594341e-23	-4.99276055070189e-22
0.450386040000000	2.89865537289535e-22	-1.14294650270526e-22
0.450886520000000	-1.45217686617187e-22	-2.24443523912408e-22
0.451386800000000	4.95889051818973e-22	-3.22714967383898e-22
0.451596650000000	4.96231981361067e-23	1.27895125010531e-22
0.452096780000000	3.48270968593619e-22	-3.11432090581987e-22
0.452596790000000	-1.61319103142821e-22	1.43119936664545e-22
0.453097020000000	1.93354793002225e-22	-4.38313191956678e-22
0.453162070000000	-5.66777329754110e-23	-4.38790941158003e-22
0.453162440000000	-5.79277955300347e-23	-4.38730137656970e-22
0.453662890000000	1.25907976373487e-22	-1.51060212132287e-22
0.454162990000000	1.15544375784104e-22	-8.31192576813574e-23
0.454663270000000	-1.30512686238899e-22	-2.38121728743677e-22
0.454692410000000	-1.30779927380683e-22	-2.33204627199417e-22
0.455192680000000	2.62643649134533e-22	-2.56180264845457e-22
0.455692830000000	-1.95778633407773e-22	-1.58925333928302e-22
0.456192980000000	4.04525608110426e-23	-5.15258700275636e-22
0.456692990000000	2.29861017982889e-22	-4.10800307747699e-23
0.457193360000000	-1.05221304380517e-22	-3.90287960513500e-22
0.457693470000000	1.11894759223929e-22	-4.91893537162874e-22
0.458193540000000	7.73125200919534e-23	-3.51908046578722e-22
0.458310800000000	2.52721024623874e-22	-3.20296639543922e-22
0.458310870000000	2.52794243550366e-22	-3.20198573562616e-22
0.458811160000000	-1.76129940891152e-22	-3.73346154824807e-22
0.459311320000000	2.93903444579522e-22	-2.84263659081369e-23
0.459811600000000	8.96023264638391e-23	-1.73864720427937e-22
0.460311760000000	1.42784490081830e-22	-2.88741229934467e-22
0.460810890000000	2.70470231583236e-22	-3.56912227862495e-22
0.461311150000000	1.17384982863228e-22	-2.62104237625665e-22
