0.0100020800000000	1.25151442374548e-24	2.59526790763345e-24
0.0105023900000000	-1.09421347858366e-24	3.74203386317834e-24
0.0110033800000000	6.39081675922205e-25	7.20925612415156e-24
0.0115049200000000	3.02280447464340e-25	2.15075613870424e-23
0.0120059300000000	-8.38768773413577e-25	-5.55352740155421e-23
0.0125070700000000	1.35556288361951e-24	4.48868769829623e-23
0.0130082800000000	8.24830181688722e-25	3.93533046798842e-23
0.0135095000000000	-1.48294819515843e-24	-2.31485299803649e-23
0.0140106900000000	-5.25725697928256e-25	6.92048648554584e-24
0.0145119300000000	-6.41395592335027e-25	-2.84612820642037e-23
0.0150004800000000	-8.63116748216841e-25	-8.92012119703778e-23
0.0155014600000000	-4.86402082027444e-25	-4.78184113904708e-24
0.0160028100000000	1.07668734418514e-24	1.43003806579479e-22
0.0165044200000000	-3.25996470306118e-25	1.40291326166497e-23
0.0170053600000000	-6.55726318353932e-25	1.03295999534657e-22
0.0175062900000000	-9.54535891199039e-25	-5.61805747469212e-23
0.0180078500000000	-5.13151474284350e-25	-5.52297268625538e-23
0.0185095400000000	7.10443635880659e-25	1.06029852887054e-22
0.0190103700000000	-3.78587512540895e-24	-9.63184332034821e-23
0.0195110700000000	-1.46618040311369e-24	-1.76242846400825e-23
0.0200033600000000	7.30585079165935e-25	9.91375514589907e-23
0.0205073300000000	-1.90253188979153e-25	2.67091482596870e-23
0.0210103300000000	-3.48080760775550e-24	-3.82999768728190e-23
0.0215105700000000	-1.14934885663875e-24	-5.89744376094254e-24
0.0220128000000000	-5.59082391000934e-24	-1.98348668607857e-22
0.0225133600000000	-1.26716414693528e-24	-1.24706130133135e-22
0.0230165400000000	4.78911992933167e-24	2.43672963293883e-22
0.0235170300000000	-5.68204860623415e-24	-1.25770402051861e-22
0.0240174000000000	1.13433756696902e-24	-6.48625932969237e-23
0.0245176500000000	-1.63051059855481e-24	-5.73982197863104e-24
0.0250040100000000	2.52708191137887e-24	1.32983725354021e-22
0.0255048500000000	5.17303236632342e-24	1.14754552500302e-22
0.0260056000000000	3.40897573480004e-25	-3.76806671913430e-23
0.0265056100000000	3.09670396478566e-24	3.42330302559290e-22
0.0270070700000000	-1.06171364755517e-23	-9.23827044437190e-23
0.0275077000000000	-4.21503532284302e-24	-1.37040785649610e-22
0.0280078300000000	-1.94481757796310e-24	1.50667491257186e-23
0.0285096000000000	-3.98803817827763e-24	4.54959036717521e-23
0.0290109300000000	1.53681966929055e-24	9.76893833071690e-23
0.0295125500000000	-1.72921177260089e-24	-7.92674651051967e-23
0.0300046600000000	-7.36186118012265e-24	9.51164411280621e-23
0.0305048100000000	7.18285673605793e-24	8.73451301701451e-23
0.0310056300000000	4.66396103316476e-24	-2.94572027069318e-23
0.0315079700000000	-4.05696955376883e-24	-1.94555323486185e-24
0.0320081100000000	8.06315609606859e-25	-9.61748796440671e-23
0.0325099200000000	5.20187206122216e-25	1.22792787003633e-22
0.0330113800000000	1.13232180225085e-24	-5.77917800232474e-24
0.0335123900000000	2.34144683288749e-24	-8.57477144096963e-24
0.0340133200000000	-6.00342048449392e-24	-2.41946211272763e-23
0.0345153100000000	3.54786905359656e-24	1.30266082379631e-22
0.0350061400000000	-4.28758988958007e-24	2.09148552627553e-24
0.0355076500000000	-1.06764556996697e-24	3.86891750208322e-23
0.0360088400000000	3.72126370871087e-24	5.39289850013983e-23
0.0365091600000000	-1.94774076088238e-25	-9.78391267550273e-25
0.0370094600000000	7.00911855833892e-24	8.01761180432126e-23
0.0375118600000000	-1.47809350778251e-24	-4.16947644758889e-23
0.0380127100000000	-1.13326810980343e-24	-9.26843756246769e-24
0.0385148100000000	-8.72965476478137e-25	1.42119773841727e-23
0.0390154200000000	3.55777611588507e-24	4.67252932952871e-23
0.0395167100000000	3.36394510657013e-24	2.82605384726639e-23
0.0400066300000000	-4.42137574021607e-24	-3.99227128418579e-23
0.0405084000000000	8.39915037048333e-24	9.02603602170473e-23
0.0410098000000000	-2.32548275410660e-24	-2.40513624787766e-23
0.0415099000000000	-4.73090257017211e-24	-3.23916959459318e-23
0.0420102000000000	-5.07247746652365e-24	-2.47341006925099e-23
0.0425122000000000	-4.14098675685343e-24	4.64531358913202e-24
0.0430133000000000	-4.45160897020937e-24	5.94970780854699e-24
0.0435137600000000	-8.10838441183517e-24	1.57247342672375e-23
0.0440159000000000	-5.49480934199439e-24	-3.83687202831114e-24
0.0445163800000000	-4.82670972831251e-24	-2.40843406488283e-23
0.0450068400000000	3.13006778757277e-24	-7.49950031733408e-24
0.0455084000000000	-1.25432871648063e-23	-3.36122868536953e-23
0.0460097800000000	-9.24792018878481e-25	4.26927365319073e-23
0.0465098500000000	5.07988912875912e-25	2.16310415595372e-23
0.0470111000000000	3.49239987527463e-24	1.45350830793524e-23
0.0475117500000000	5.89994564255416e-24	3.24100290343734e-24
0.0480136300000000	-1.83466673068663e-24	-1.34016691344809e-23
0.0485165700000000	-6.16163208863614e-24	2.14502968169940e-24
0.0490175200000000	3.80534248660197e-24	3.31377006529580e-23
0.0495194200000000	6.10582262848880e-24	4.52171642450479e-23
0.0500087500000000	9.33647124209566e-24	6.13705012956816e-23
0.0505107700000000	-8.83123051005738e-24	1.07719193352054e-23
0.0510129400000000	-3.85122868056436e-24	-5.62625210920397e-25
0.0515146300000000	4.92132103889503e-24	5.68716288003118e-23
0.0520151900000000	1.19710433209542e-23	6.52964979952379e-23
0.0525169300000000	3.02673553992176e-24	1.73627505106271e-23
0.0530184500000000	7.90873296291598e-24	4.52920716175493e-23
0.0535197700000000	4.19615130192213e-24	4.63185657720961e-23
0.0540211000000000	9.53165041559510e-25	2.66800525432244e-23
0.0545230200000000	1.86626432876088e-24	3.62677263104000e-23
0.0550089500000000	-4.10335158696253e-24	3.91319497320621e-23
0.0555100200000000	-7.84766371798151e-24	3.57837126827090e-24
0.0560121000000000	-1.60097770096601e-23	1.78023006464639e-23
0.0565159000000000	-3.39574363296033e-24	2.81179895548287e-23
0.0570194000000000	-1.36898943221660e-24	2.38228972611930e-23
0.0575198200000000	-1.30794287273716e-24	2.21093254894441e-23
0.0580205400000000	5.59945086447843e-25	3.13345375377462e-23
0.0585213300000000	-3.32077468565248e-24	4.61062979694022e-23
0.0590225300000000	2.19470564296312e-23	8.79592059930682e-23
0.0595227000000000	1.91444661484999e-23	4.86674955643634e-23
0.0600093400000000	1.84622464594529e-23	4.84621824740252e-23
0.0605095100000000	1.74971099791974e-23	6.58729127220358e-23
0.0610096800000000	4.11104843777549e-24	4.39521033638716e-23
0.0615098400000000	-1.94411724555860e-23	7.18425383600971e-23
0.0620100100000000	-1.59940300630916e-23	4.20421338856103e-23
0.0625101700000000	-7.73445033427631e-24	3.33871823242351e-23
0.0630103400000000	-1.39669226174053e-23	3.74610914313510e-23
0.0635126100000000	-1.60075700389638e-23	1.74453936232929e-23
0.0640128700000000	-8.14173851228442e-24	4.93202176803158e-23
0.0645147900000000	-2.23254271340376e-23	1.82437887683158e-23
0.0650096600000000	-2.61949014020028e-23	-8.88477790626054e-24
0.0655109200000000	2.14133486923125e-23	6.90729683791482e-23
0.0660116400000000	3.73363700403882e-24	1.61588107268539e-23
0.0665133900000000	6.71446042376388e-24	7.39674492839662e-24
0.0670138400000000	3.64144331480639e-24	2.98480115222520e-23
0.0675161000000000	1.86576622098405e-23	3.03156430106337e-23
0.0680162600000000	2.35480597327536e-23	1.40806869335897e-23
0.0685180400000000	2.81630785170858e-23	1.71764316277056e-23
0.0690204400000000	1.40274538929777e-23	2.27253814285132e-24
0.0695229300000000	1.55331620810874e-23	1.95517219187151e-23
0.0699942700000000	4.09316905843440e-25	2.31176550760723e-23
0.0700003200000000	7.39999543002416e-26	2.37081574704424e-23
0.0705005400000000	2.11887983361108e-24	3.09756115090778e-23
0.0710024200000000	1.11809154038992e-24	5.81816976242629e-23
0.0715039600000000	-4.61536878849550e-24	3.58727757791476e-23
0.0720040700000000	-3.05941231749947e-24	5.54410613208122e-23
0.0725072400000000	-4.36895613520572e-24	4.08122322189476e-23
0.0730134800000000	5.35494703019026e-24	2.36518068001537e-23
0.0735139400000000	-4.09854875205525e-25	2.77573556354746e-23
0.0740149500000000	1.23554872457494e-23	4.82271060666906e-23
0.0745157100000000	-4.50883627129594e-23	-9.69695867822584e-23
0.0749983400000000	7.96999989538713e-24	3.95203862969422e-23
0.0755008400000000	2.38742830576100e-23	7.21787108773728e-23
0.0760011100000000	-2.23868010122253e-23	-1.87729529330704e-23
0.0765037900000000	-1.53729703607992e-23	-1.82862786255826e-23
0.0770040600000000	4.62917548050327e-23	8.21684324824450e-23
0.0775044000000000	3.82343251659689e-24	3.29065812371361e-23
0.0780064100000000	1.85454567084944e-24	1.50310000893743e-23
0.0785067500000000	2.35754702439856e-23	1.09831922186574e-23
0.0790078500000000	3.81111949976373e-23	2.80068664737653e-23
0.0795088400000000	5.88659752081588e-23	5.60376401763504e-23
0.0800017500000000	3.93195584451409e-23	1.06344487185171e-23
0.0805022900000000	1.14020629418467e-23	-2.40171884611671e-24
0.0810043500000000	2.52625940159516e-23	4.50781704620934e-24
0.0815046900000000	2.76927636634523e-23	9.83005489102900e-24
0.0820067600000000	5.67550547284832e-24	2.22574485476576e-23
0.0825075900000000	1.78964258401529e-23	4.60724512705009e-23
0.0830085800000000	2.51142311400706e-23	4.11135533957422e-23
0.0835088200000000	-3.92004662878043e-24	3.27206253214951e-24
0.0840093600000000	-1.57151350789815e-23	1.11344037395339e-23
0.0845120700000000	-2.45576953534355e-23	-1.17078013008132e-24
0.0850032200000000	-2.03478128696631e-23	9.92355785509445e-24
0.0855034400000000	-2.48012755656261e-23	-2.35885629923158e-24
0.0860062700000000	-7.49462618528242e-24	1.42148551961819e-23
0.0865067500000000	8.33421487585628e-25	2.01722663371004e-23
0.0870073600000000	6.64137761000261e-24	5.10565332411196e-24
0.0875077200000000	1.04275476463269e-23	-4.11271743910967e-24
0.0880080600000000	1.15128781488776e-23	-1.31028530800773e-23
0.0885099500000000	8.74861332362592e-25	-2.98413355169152e-23
0.0890099700000000	7.20322827467278e-24	-1.70876990907546e-23
0.0895115200000000	1.45798447229013e-23	6.99736101107601e-24
0.0900071200000000	3.55919881799324e-24	1.23700610302151e-23
0.0905073500000000	-2.37759124430514e-24	3.18246146634881e-23
0.0910089900000000	4.43341847605647e-24	1.59105475885898e-23
0.0915105300000000	7.76724053912915e-24	-1.29319732696917e-24
0.0920123500000000	1.28735258152026e-23	-3.27234447994771e-24
0.0925158700000000	2.22237736100586e-23	4.96259560392822e-24
0.0930177000000000	1.16909362853897e-23	-3.81334397066816e-24
0.0935192000000000	5.34781731575299e-24	-1.39240762744166e-23
0.0940222100000000	2.53177780056960e-24	-1.79129019620616e-23
0.0945225300000000	6.15938298780911e-24	-7.46401054333294e-24
0.0950081500000000	4.58923838508292e-24	-8.95079906194962e-24
0.0955128100000000	1.33581551909586e-23	-2.77004637550445e-23
0.0960151600000000	2.08957022571534e-24	-4.15244420795412e-23
0.0965171300000000	-1.30104066100602e-23	-3.22886845354305e-23
0.0970192300000000	-2.78485025529965e-23	-1.75005095566723e-23
0.0975199600000000	-2.69625998855940e-23	-3.10815169354848e-23
0.0980226700000000	-1.06917586594755e-23	-1.96418188237471e-23
0.0985249300000000	6.96729630160578e-24	-4.00843564312679e-23
0.0990272800000000	1.71585295629095e-23	-2.20494358881710e-23
0.0995279500000000	7.00248144235368e-25	-7.47923248365650e-24
0.100008160000000	6.36897714758899e-24	-1.62009765061918e-23
0.100510560000000	-9.55913222397147e-24	2.70091115499593e-23
0.101011030000000	2.02056236783290e-23	6.18126246102744e-23
0.101516930000000	1.14587895425331e-23	3.95498352583474e-23
0.102017360000000	2.08620078748787e-23	5.19003803156801e-23
0.102518770000000	-1.09082135490117e-23	4.12727501967885e-23
0.103019140000000	-1.78088178536154e-23	3.10633556083455e-23
0.103520660000000	-1.15091804197081e-23	2.94789904660962e-23
0.104020980000000	9.77000973235006e-25	3.96810868195789e-23
0.104522260000000	2.14529250889979e-23	3.74844250422366e-23
0.105010140000000	1.58509366943356e-23	4.73489683064662e-23
0.105511100000000	-3.27394218413751e-24	3.52766117433585e-23
0.106012950000000	1.93305841031054e-23	-1.78645916651905e-23
0.106515040000000	4.33168133997184e-23	-2.08664315386091e-23
0.107016270000000	6.13144811848805e-23	-2.57020047982788e-24
0.107517720000000	7.11729901180727e-23	-1.86274711099780e-23
0.108018200000000	6.70736020041815e-23	-1.59661593612004e-23
0.108519640000000	5.20824019252635e-23	9.39764419196740e-24
0.109021850000000	5.73096071581930e-23	-1.80552693962566e-23
0.109524000000000	7.68332930952732e-23	-9.68339860952201e-23
0.110012930000000	6.74195422302362e-23	-1.34302586412185e-22
0.110513860000000	7.01850450331765e-23	-1.26366186916473e-22
0.111014330000000	3.24999088071930e-23	-9.15354901994766e-23
0.111517120000000	1.37619465681132e-23	-1.56356257998888e-23
0.112019590000000	-1.21223747506644e-23	2.02101575285552e-23
0.112522240000000	-2.26293409342639e-23	3.44344887633801e-23
0.113024880000000	-1.85950633170813e-23	3.66309949833165e-23
0.113525250000000	1.91609487519671e-23	8.24303133752844e-23
0.114025990000000	2.51743929668040e-23	1.41413569145157e-22
0.114529660000000	6.64597141464571e-23	1.85279159905891e-22
0.115013730000000	6.31851400103581e-23	1.91973054344283e-22
0.115515420000000	-1.47347053612580e-23	1.71822076686336e-22
0.116016190000000	-3.66890308588359e-23	2.23625794278143e-22
0.116517420000000	1.22021206066453e-23	2.65136518138951e-22
0.117019950000000	3.11520038850350e-23	1.89215160891114e-22
0.117522170000000	2.27803288413695e-23	9.24038667324805e-23
0.118024140000000	1.81441510090550e-23	8.07241143764194e-23
0.118526080000000	7.35715232781477e-25	3.70350261781385e-23
0.119027760000000	3.82706769872611e-23	2.21945093730729e-23
0.119529440000000	1.00262993086810e-22	5.76276961270323e-23
0.120014900000000	1.41726310828168e-22	-2.68928583152803e-23
0.120517180000000	9.48175699804104e-23	-1.29299037080374e-22
0.121019010000000	4.58952746259556e-23	-1.40085219085233e-22
0.121522010000000	4.22930609444506e-23	-1.02234398018065e-22
0.122022400000000	2.74554122290564e-23	-1.01916746554430e-22
0.122522700000000	3.04996123285702e-23	-2.08371507736490e-22
0.123024330000000	7.35291306442596e-23	-2.04690449135647e-22
0.123525580000000	1.49179409667633e-22	-1.75749933593205e-22
0.124028060000000	9.39961653024309e-23	-1.38933993817385e-22
0.124529510000000	-1.65261368554412e-23	-8.68385283108051e-24
0.125017120000000	-7.52779329276665e-23	1.06355541483328e-22
0.125517130000000	-3.69398671758561e-23	9.42647740530756e-23
0.126017900000000	1.24093950166096e-22	-3.27461594215183e-23
0.126520410000000	1.48335008419814e-22	4.39536978272822e-23
0.127021160000000	3.44882565325749e-23	1.85245410430368e-22
0.127522310000000	-1.07012090959621e-22	2.15892374511681e-22
0.128023650000000	-1.04354431569103e-22	2.39916475555073e-22
0.128525850000000	-3.39640928902643e-23	2.48413721073875e-22
0.129026160000000	1.28291692690649e-23	2.07222239899334e-22
0.129528290000000	-1.46903812229132e-23	2.84831709356820e-22
0.130018310000000	-1.47314681468255e-22	2.63451497632744e-22
0.130521760000000	-2.29860742516650e-22	-3.90066093522550e-23
0.131022460000000	-6.53360063355582e-23	-9.52505445750684e-23
0.131524990000000	2.59800516704488e-22	3.03883612367248e-22
0.132028570000000	2.81615342857543e-22	1.56823545964665e-22
0.132530800000000	6.27805708461740e-24	-2.14126571100121e-22
0.133031380000000	-2.41089148300260e-22	-1.44655142425749e-22
0.133531590000000	-6.77462808389996e-23	-1.03550809047086e-22
0.134034820000000	2.33749979056723e-22	-1.48357580447566e-22
0.134535320000000	2.34557568292591e-22	-5.06985081490938e-23
0.135019620000000	1.23010538204885e-22	7.77787094335511e-23
0.135520790000000	7.51092633287565e-23	-5.62333249114191e-23
0.136022420000000	-8.47491752173022e-23	-1.84004101220606e-22
0.136522810000000	-6.86555365619635e-23	-7.06904542857379e-23
0.137024850000000	1.01274401413763e-22	4.27523733523957e-23
0.137524950000000	2.15119694950322e-22	5.68316084168637e-23
0.138024990000000	-5.04455620847560e-23	7.39265798163443e-23
0.138526830000000	-2.05268591197806e-22	8.52811815454938e-23
0.139029240000000	1.29600426313533e-22	1.25035571551826e-22
0.139529940000000	2.35574563723040e-22	3.24716232855528e-23
0.140020800000000	-8.78368925011176e-23	9.52807583603860e-24
0.140521780000000	-4.39379281952586e-23	1.94703469229854e-22
0.141023130000000	1.54430807317960e-22	2.11912036424996e-22
0.141524530000000	1.78454256964715e-23	1.00058694360389e-22
0.142027350000000	-5.26248111549750e-23	2.90208285347989e-23
0.142529940000000	-1.78622550633227e-23	1.38507753562091e-22
0.143031040000000	-1.73101526627558e-23	2.85366574052345e-22
0.143532030000000	-6.72840420073559e-23	1.64365555583942e-22
0.144034390000000	-1.02401463431227e-23	1.84368679168356e-23
0.144535000000000	-1.46211656310783e-22	-8.92121204334668e-23
0.145021040000000	-2.82471994251077e-23	5.38795274686587e-23
0.145521790000000	7.40133614041629e-23	-2.83159817247515e-23
0.146023120000000	7.11929533184971e-24	-1.66409038687379e-22
0.146523370000000	-5.33895702517505e-24	-7.81561435527429e-23
0.147025740000000	9.15051532645460e-24	-1.40992186818018e-22
0.147527580000000	1.23655161613392e-22	-1.14728998955603e-22
0.148030060000000	2.04818767791621e-22	-3.44889144107707e-23
0.148531420000000	-8.98923729694850e-23	-1.26728609745995e-22
0.149031570000000	1.26898157596093e-23	2.13764686239961e-23
0.149533460000000	2.05283291372664e-22	-1.13096132310504e-22
0.150023650000000	6.06427259721598e-24	-2.15285344142934e-22
0.150524820000000	-9.28177790633567e-23	-1.72062694826256e-24
0.151026790000000	1.82676700709014e-22	3.47249257829303e-22
0.151528020000000	3.54934506652404e-22	1.04932256034892e-22
0.152029560000000	1.41844638161593e-22	-4.67585404500198e-23
0.152532330000000	-2.65289949593641e-22	3.13721111328306e-22
0.153032630000000	-1.92320119120751e-22	4.88469984402829e-22
0.153139240000000	-1.36679241071276e-22	4.06566637943941e-22
0.153143020000000	-1.34496829000470e-22	4.03377766216157e-22
0.153645790000000	5.19413016357708e-23	-2.34524372990327e-23
0.154147350000000	2.27958392110498e-22	1.05856325359989e-22
0.154648240000000	1.26366912851034e-22	3.53432424896319e-22
0.155149990000000	-1.43987234018046e-22	2.36442029597063e-22
0.155650990000000	-2.45252324672909e-23	-6.71189761550161e-23
0.156152040000000	-2.55365630155414e-24	5.60793230795741e-23
0.156652300000000	-1.81263688530926e-23	-8.38109598906059e-24
0.157154790000000	1.30582797258051e-22	-1.09201460983562e-22
0.157656690000000	4.90713387939866e-23	-2.03062505234290e-22
0.158139580000000	-5.96061141046707e-23	-2.50453299038268e-22
0.158640250000000	4.47291644588307e-23	-1.66634690908539e-22
0.159141290000000	9.04741803530209e-23	-6.32655016144040e-23
0.159643340000000	-1.21125253742473e-22	-7.78717878555296e-23
0.160144190000000	-2.58111850321581e-22	-3.06565117411780e-22
0.160646900000000	-5.56384053348772e-23	-1.19104028311197e-22
0.161147630000000	2.63372364284049e-22	1.40009942263892e-22
0.161647950000000	1.10560971136356e-22	7.01338860913099e-23
0.162148170000000	-2.20261599631568e-22	-1.64678725049819e-22
0.162650640000000	-1.56693156450724e-22	5.92630225236116e-23
0.163140920000000	1.60840294206670e-22	2.42150863244126e-22
0.163643120000000	2.20471712316034e-22	1.29418161645503e-22
0.164144040000000	-4.05460216449773e-23	-8.42583494715444e-24
0.164645820000000	-1.21595306092984e-22	1.53125162157739e-22
0.165148260000000	1.14797463658876e-22	2.25096936314349e-22
0.165650460000000	1.34437237550892e-22	1.20781394096722e-22
0.166151010000000	7.11004225882185e-23	1.56349970887066e-22
0.166652370000000	-2.16968715092482e-23	6.83214543473296e-23
0.167154490000000	-1.02647114501383e-23	1.30868527045683e-22
0.167655260000000	2.45988500096350e-23	2.62236211880678e-23
0.168142200000000	-2.75743715144422e-23	-1.62484419319020e-22
0.168644390000000	-4.93483703300051e-23	-1.00390371916790e-22
0.169145260000000	5.81139912633432e-23	-8.53176629979576e-24
0.169645850000000	6.81603940981918e-23	-9.64096125287969e-23
0.170146200000000	-2.04927320934708e-22	-2.02111388365241e-22
0.170646920000000	-1.13514925254991e-22	-1.83938465717652e-22
0.171149590000000	7.24940613877123e-23	-1.55495312572795e-22
0.171651090000000	-4.98471781151534e-23	1.27285819614723e-24
0.172151590000000	-1.12783782761787e-22	6.03505729599757e-23
0.172651750000000	2.23013999963840e-23	2.12003743997335e-23
0.173142610000000	-5.01521937803383e-23	1.09538745088134e-22
0.173642930000000	-1.37353456035477e-22	1.39882728713656e-22
0.174144990000000	4.69382708286454e-23	1.82490342936741e-22
0.174645300000000	1.15183054819540e-22	4.56091818710431e-23
0.175145300000000	-4.38840405172301e-24	1.12578090500272e-22
0.175648610000000	8.04265492628216e-24	3.31349706204843e-22
0.176149280000000	-5.79653075503126e-23	1.61251996326070e-22
0.176650220000000	3.10469248573469e-24	-4.57365704233613e-23
0.177150990000000	1.93962853938786e-22	1.89614982313639e-22
0.177651050000000	5.58040577682685e-23	9.73753323493246e-23
0.178144010000000	1.05270084590385e-22	1.64484748205436e-23
0.178645100000000	1.98526561464625e-22	9.19653698499129e-23
0.179145770000000	8.49697523780948e-23	-7.59935747735278e-23
0.179646630000000	-4.53668201918654e-23	-1.14359381596058e-22
0.180148800000000	7.58372039320221e-23	-3.54230690410171e-23
0.180650630000000	1.14781415319834e-22	-1.17730035115757e-22
0.181153970000000	4.06900937290787e-23	-2.17558455903719e-22
0.181656110000000	-2.27905227126251e-22	-1.13467613118141e-22
0.182159490000000	-2.35792882060667e-22	-3.85059283966773e-23
0.182660170000000	1.50083334308665e-22	5.01945799326678e-23
0.183147120000000	1.16298621792863e-22	1.84483068954943e-22
0.183647500000000	-2.70432508912304e-22	9.22356216756575e-23
0.184147700000000	2.54473994549448e-23	8.73893343996561e-23
0.184649850000000	2.78073796564340e-22	2.34262832379313e-22
0.185153310000000	-2.49720873196466e-23	1.67425998469255e-22
0.185653890000000	-1.63658317078778e-23	8.65012863363639e-23
0.186154430000000	1.93726863631692e-22	-9.63914382385404e-24
0.186656300000000	1.67218880264852e-22	4.08250235748039e-23
0.187156560000000	-2.60530946226248e-23	6.08727564861404e-23
0.187660000000000	7.53603297411063e-23	-3.14816527136006e-23
0.188147680000000	2.00318291110503e-22	8.97200348084191e-24
0.188648320000000	1.55737291840017e-22	5.56664056679399e-23
0.189151190000000	2.91576153470572e-25	-2.07305651076691e-23
0.189654850000000	8.72814002454138e-23	-3.67093181371892e-23
0.190155560000000	1.23470793679603e-22	-5.51050087123703e-23
0.190656300000000	2.12883323904343e-23	-1.05553510183942e-22
0.191158390000000	-8.81165296236851e-23	-5.86731229141894e-23
0.191658580000000	-4.67598724103078e-23	-8.44417322084294e-23
0.192161050000000	-2.19467291109229e-23	-5.68682486675127e-23
0.192661250000000	-1.52574926446043e-22	2.77073504110350e-23
0.193148050000000	-1.58607948208569e-22	-4.72479694199037e-25
0.193648650000000	2.97217410387887e-23	3.22343366667428e-23
0.194149390000000	5.87092835295035e-23	1.04419104560608e-22
0.194650320000000	-2.11595729884766e-23	6.74724252666850e-23
0.195151580000000	4.38002404463579e-23	1.21245305170479e-22
0.195651600000000	2.05053264099463e-22	8.83356289891215e-23
0.196154070000000	1.74382444641799e-23	5.19362427792996e-23
0.196654260000000	4.92586201883571e-23	2.88086417515873e-23
0.197155160000000	1.39257692575175e-22	7.90161653567381e-23
0.197655750000000	9.73210946671327e-23	2.80431113493409e-23
0.198148650000000	1.98152718128886e-23	-2.80126415424595e-23
0.198648730000000	6.54066229162800e-23	-3.55810829576226e-23
0.199150530000000	6.14598560622563e-24	-6.54656537110413e-23
0.199650640000000	-7.55751350739839e-24	-7.77310181255244e-23
0.200151990000000	-6.76370082429107e-25	-8.13013943912877e-23
0.200653830000000	-7.43001800936363e-24	-2.68926022937165e-24
0.201155160000000	-4.88277294147824e-23	-9.59169460204025e-23
0.201658590000000	-5.49283214254977e-23	-8.04504532508621e-23
0.202159890000000	-5.11765619836710e-23	-2.73993175803315e-23
0.202661090000000	-1.02852696576403e-22	9.52263100275403e-23
0.203153500000000	-1.08002745336004e-22	8.31928849460393e-23
0.203655020000000	-4.13902576130525e-23	8.50867574735689e-24
0.204155900000000	-4.45428552982471e-23	1.13468760354010e-22
0.204656770000000	-8.38003366160944e-23	1.17139591055415e-22
0.205157860000000	1.11925206345355e-23	3.43125317571514e-23
0.205658930000000	3.32587113516341e-23	1.57198244866136e-23
0.206159770000000	5.22126877342667e-23	5.00985524015357e-23
0.206660780000000	2.95451412529569e-23	5.78596030522216e-23
0.207165910000000	6.73980202149735e-23	-2.29270810499434e-23
0.207667550000000	7.05813210431583e-23	-1.15394622613907e-23
0.208151250000000	6.51696506530611e-23	1.30396514023702e-23
0.208652130000000	3.21069027435145e-23	-5.64134117757666e-23
0.209154340000000	-7.28042363735263e-24	-1.16008384081239e-22
0.209656150000000	-4.90601645869958e-23	-6.15470881183963e-23
0.210156340000000	-4.93203602746046e-23	-6.69657585917592e-23
0.210657980000000	-6.63358580435647e-23	-4.69632053845001e-23
0.211159320000000	-6.84395645485415e-23	4.19889753829219e-23
0.211661740000000	-5.57050908503206e-23	3.45343468956326e-23
0.212161740000000	-1.65237393269227e-22	4.22657638604938e-23
0.212662920000000	-8.98949267035652e-23	1.02875586200526e-22
0.213151380000000	-7.26042835321332e-23	1.02431022579128e-22
0.213651780000000	-1.10232476025218e-22	1.08086282903754e-22
0.214151820000000	-2.67312082443118e-23	1.12215868599066e-22
0.214652640000000	-4.96407177889467e-23	7.44435294839561e-23
0.215153400000000	-1.09760689857787e-23	7.89471659248818e-23
0.215654240000000	5.70498360126712e-24	4.58900375266235e-23
0.216158470000000	1.00096264714694e-23	8.52595136951631e-23
0.216659930000000	3.85574697505001e-23	4.38191471527338e-23
0.217162620000000	4.74542061323395e-23	2.90589984332726e-24
0.217662850000000	3.07621284141503e-23	-2.03520420866361e-23
0.218154210000000	3.00373378483543e-23	-6.74182686039753e-23
0.218655350000000	5.67499213340884e-23	1.61375674186102e-23
0.219156670000000	1.63833675646142e-23	-5.84886156268908e-23
0.219656970000000	-8.96302328143024e-25	-3.42102754482245e-23
0.220159020000000	-1.89097300229908e-23	3.44151704780344e-23
0.220660400000000	-5.43046528958771e-23	1.54460953046912e-23
0.221160610000000	-6.44195690456885e-23	-3.83602067559174e-23
0.221660790000000	-3.72210015384553e-23	-1.74443338884652e-23
0.222161410000000	-5.99719008630953e-23	6.55302424422844e-23
0.222662540000000	-1.22015466646331e-22	-9.20886879834433e-25
0.223154690000000	-4.44887926181368e-23	1.87025210767681e-23
0.223654940000000	-7.05295690386817e-23	1.03691750538394e-22
0.224155320000000	-1.03425060329089e-22	6.48976617696172e-23
0.224655630000000	-4.74056462954632e-23	-3.34169780490243e-23
0.225156620000000	-8.88517004055459e-24	6.96321745679180e-23
0.225657810000000	9.41805461993372e-24	1.29039440936933e-22
0.226159930000000	-6.97965922644000e-23	3.69649961784681e-23
0.226661970000000	1.64206073594318e-23	7.07296839190393e-24
0.227163620000000	2.41827047818282e-23	6.27096010205096e-23
0.227665370000000	1.95834977596503e-23	2.92764612051678e-23
0.228156070000000	3.34445084690900e-23	-3.99662365077181e-23
0.228656210000000	-2.01665333985370e-23	-1.71299880197054e-23
0.229158280000000	5.59819246988025e-23	1.31885522476132e-23
0.229659320000000	2.84977829613432e-23	-4.35886207995220e-23
0.230159960000000	3.79739155869271e-23	-4.85850404168964e-23
0.230660070000000	-4.93045906425810e-23	-2.54137601659180e-23
0.231160400000000	-5.27967377370711e-23	2.17205356796214e-23
0.231660810000000	-5.17815895508174e-23	-2.01506211722247e-23
0.232161510000000	-3.89112267362015e-23	-4.04943279745278e-23
0.232661700000000	-4.69183659622482e-23	-1.93101185818912e-24
0.233157050000000	-3.38347339441380e-23	8.73487241943773e-25
0.233657770000000	-6.62171482981842e-23	-2.76815602894479e-23
0.234157880000000	-5.36363847616722e-23	3.17209064854395e-23
0.234658280000000	-4.53363439034254e-23	2.11887173166285e-23
0.235159330000000	-5.28429868983139e-23	-1.24045331995192e-23
0.235661020000000	-5.90294563194261e-23	1.57254569610191e-23
0.236161410000000	-2.51702544916511e-23	4.72009781202036e-25
0.236662400000000	-7.78874246156023e-23	4.52911577177896e-23
0.237162550000000	-1.47791234822022e-23	2.05346146286987e-24
0.237664150000000	4.98979546450639e-24	1.74506922974315e-23
0.238158330000000	-5.60374489703724e-23	-3.98869929725272e-23
0.238658760000000	-8.40791116913708e-23	-2.55662193868211e-23
0.239158910000000	-1.49225279657699e-23	6.91001649989471e-23
0.239659200000000	-2.85181188513859e-23	-9.37886873715272e-23
0.240159820000000	3.39682572916515e-23	7.82657467083194e-23
0.240660550000000	-1.42833309181050e-22	-3.85889441989614e-23
0.241161120000000	2.50119521456888e-23	2.52174953313566e-23
0.241661530000000	-1.20240981187053e-23	-9.99744762289885e-24
0.242161780000000	5.29222822859735e-23	4.46501769452036e-23
0.242662100000000	-1.04908510845037e-22	-4.32559969355685e-23
0.243158670000000	4.43040293092744e-23	-1.00620191780117e-22
0.243658840000000	5.38123590771010e-23	9.62000054058999e-24
0.244158980000000	-1.29256505092976e-23	-2.38290741865191e-23
0.244659080000000	-7.58266487138756e-23	-3.67553760924539e-23
0.245159810000000	1.06101201883896e-23	-7.09127198925403e-23
0.245659920000000	-1.21278976867299e-22	9.72543248914277e-23
0.246160220000000	-2.13842853836427e-23	-1.11312420352589e-22
0.246660390000000	-1.08955745097820e-22	1.57338884964970e-22
0.247160810000000	8.89832112291205e-23	-9.44544179755483e-23
0.247661100000000	-6.78639794612417e-23	-6.93568865711573e-23
0.248159120000000	-4.94124178511068e-23	1.55219849573953e-22
0.248659260000000	4.50102793767542e-23	-9.43421897887471e-23
0.249159850000000	-5.11091764599010e-23	-9.59382897928043e-23
0.249660020000000	6.77844377743562e-23	1.39932332081464e-22
0.250160030000000	-1.21470474515525e-22	-4.03388872366782e-23
0.250660490000000	8.67789757505782e-23	-1.23075593608346e-23
0.251161000000000	1.63993154394987e-24	9.93282162269397e-23
0.251537430000000	-1.03280184531723e-22	1.07807647181987e-22
0.251537840000000	-1.03442093865035e-22	1.07481491913495e-22
0.252038230000000	-8.90699344829120e-24	1.36880435131137e-22
0.252538450000000	4.35425271956850e-23	-1.11897559257235e-22
0.253038730000000	-5.60556589092010e-23	-6.30883541368722e-23
0.253539090000000	-4.33405488672359e-23	2.29683526982753e-22
0.254039160000000	8.72337964384279e-23	-1.50480520977628e-22
0.254539500000000	-1.74937035960860e-22	-2.08795793801873e-23
0.255039580000000	1.74571835783487e-22	2.42225427094023e-22
0.255539920000000	-1.74272611390893e-22	3.41773232044072e-23
0.256040190000000	-1.40412388717642e-22	4.94860840051402e-24
0.256537710000000	1.47285789920888e-22	1.20884386062548e-22
0.257037800000000	-1.45355993354933e-22	-2.81195872590185e-23
0.257538280000000	-9.14266000153438e-23	-1.52722469404764e-23
0.258039100000000	2.01396602085112e-22	9.89112672858691e-23
0.258539390000000	-2.00579967834247e-22	4.91262537990500e-23
0.259040000000000	-2.68716636187259e-23	-1.91810286204459e-23
0.259540490000000	1.16039333523456e-22	7.30980519054860e-23
0.260041170000000	-1.39991942975718e-22	-3.87802571227682e-23
0.260541170000000	-4.93128481482111e-23	-2.06121924033348e-23
0.261041280000000	7.57383731268044e-24	3.00581987446419e-23
0.261539240000000	-4.91389803393205e-23	6.00553055588942e-23
0.262039440000000	-1.72996768437020e-22	-8.28552313926283e-23
0.262539690000000	9.93545151508753e-23	2.35830627417054e-22
0.263039870000000	2.89030391707367e-23	-1.71835720367146e-22
0.263540000000000	-7.12194726154244e-23	2.08993507264777e-22
0.264040130000000	-6.38994563774899e-23	4.69191534716156e-23
0.264540310000000	-1.66667529725081e-22	-2.79508930301859e-22
0.265040390000000	6.45780755607461e-23	2.33813064066376e-22
0.265541160000000	-1.46920602706632e-22	-1.10334729093365e-23
0.266041630000000	-8.31884515599711e-23	-1.83170657047565e-22
0.266538870000000	-2.84783058778123e-23	2.60827594199307e-22
0.267038970000000	-7.16886888448788e-23	-2.99079801985397e-22
0.267539580000000	-9.82278323045885e-23	3.12816564457650e-22
0.268039740000000	3.28485777694097e-23	-2.25740616656084e-22
0.268540640000000	-5.10515813303650e-23	6.49675977866882e-23
0.269041230000000	-1.48071387228496e-22	1.63731108222404e-22
0.269541590000000	2.02947055712875e-22	-2.65035088228743e-22
0.270041660000000	-2.35904076438875e-22	3.35360021499958e-22
0.270541950000000	8.80482107554796e-23	-1.86753827909964e-22
0.271041990000000	-1.03475577596656e-22	2.30846347758899e-23
0.271539840000000	-5.86842582318287e-23	-1.90553836073855e-23
0.272040050000000	5.42158814695746e-23	-3.80032251948228e-24
0.272540320000000	-7.24415899302333e-23	7.78982974301191e-23
0.273040820000000	-1.97543548845808e-23	-1.40977681089918e-22
0.273540960000000	1.69354628354666e-22	1.66745771859471e-22
0.274041010000000	-1.55163939649647e-22	-1.10048166425456e-22
0.274541090000000	-8.91948989323215e-24	4.29484729072135e-23
0.275041190000000	1.03719047622351e-22	1.29944739668385e-22
0.275541290000000	-1.65320451201642e-22	-2.97139165012717e-22
0.276041400000000	1.16705242370338e-22	3.23903289852274e-22
0.276539140000000	-7.80761254713017e-23	-1.49460171340614e-22
0.277039310000000	-1.62596738247642e-22	-1.30492538314055e-23
0.277539810000000	-1.02779727189917e-23	2.75532189480185e-23
0.278040050000000	-2.03902087443305e-22	6.69575140492463e-24
0.278540290000000	-8.79306093566162e-23	-1.46870334979070e-23
0.279040870000000	9.18751659991644e-23	2.24158105239588e-22
0.279541170000000	-8.54108451248734e-23	-2.80249357627728e-22
0.280041250000000	-1.09193064124423e-22	2.76286143818809e-22
0.280541700000000	1.80546014716450e-22	-2.03566164466035e-22
0.281041810000000	-3.17287417175281e-22	1.92360998310711e-22
0.281539850000000	1.05750685677484e-22	-2.52477868953771e-23
0.282040200000000	-1.11687592407837e-23	-1.37467366186730e-22
0.282540730000000	-1.64053799097834e-22	1.17786803846575e-23
0.282735730000000	-7.81179185610212e-23	7.15793514332040e-23
0.282736200000000	-7.77332899118065e-23	7.17411278945648e-23
0.283236350000000	1.90063545056680e-22	-1.51539643298063e-22
0.283736640000000	-1.63535329504736e-22	2.12960541952478e-22
0.284237000000000	1.32601491640702e-22	-3.23266541537440e-22
0.284737170000000	3.48705874692733e-23	2.02484061779656e-22
0.285237490000000	-6.52261374360799e-23	-9.56511794331949e-24
0.285737600000000	1.02356863826642e-22	-9.54209641947948e-23
0.286237650000000	-1.40019123391620e-22	-3.19191773623813e-23
0.286737680000000	1.46442555353613e-22	3.43910558393400e-23
0.287237760000000	-3.10085216227643e-22	1.21557807035823e-22
0.287736060000000	1.21072173018487e-22	-9.98900539284927e-24
0.288236530000000	-1.13598398007155e-22	7.18185468710157e-23
0.288737090000000	1.25264610387344e-23	1.48725940384747e-23
0.289237550000000	1.28494046949496e-23	-2.33707729017124e-23
0.289738570000000	-1.99304491088434e-22	9.92115967842010e-23
0.290239530000000	7.54397709638339e-23	2.13713319888219e-23
0.290739600000000	-1.10917550840819e-23	1.13659068636237e-22
0.291239740000000	-2.13764815871132e-22	-2.89555948884772e-23
0.291739810000000	3.40347516011169e-23	2.49981042957840e-23
0.292239990000000	-9.72492044601501e-23	-2.06560498694618e-23
0.292736380000000	1.72756545672173e-24	-1.69423977790686e-22
0.293236890000000	-6.76491417205712e-23	8.84909660220338e-23
0.293737660000000	2.09519816302977e-23	-1.70777557317380e-22
0.294238150000000	-1.13530150436094e-22	1.69073691679604e-22
0.294354370000000	-1.02580244261520e-22	7.23876406773983e-23
0.294355010000000	-1.02258477008187e-22	7.15786903142289e-23
0.294855670000000	2.98444563873712e-23	1.74665393840801e-22
0.295356620000000	2.34693898154969e-23	-1.36975995990051e-22
0.295856740000000	-8.14257787412044e-23	6.42262079493705e-23
0.296356800000000	6.68154318036288e-23	-8.15768962794815e-25
0.296857140000000	-2.16544108189950e-23	5.91628662396645e-23
0.297357350000000	-3.30925890052458e-23	1.46528076278288e-23
0.297857680000000	6.19398089934973e-23	-6.49532476159936e-23
0.298357940000000	-2.26692721962815e-22	5.26553846667937e-23
0.298858050000000	2.02254770163354e-22	1.28909592633134e-22
0.299354660000000	-2.80407410433685e-22	-6.63761895418246e-23
0.299855000000000	3.34365695320641e-22	1.17311731528944e-22
0.300355560000000	-1.13751288251703e-22	3.85174299223763e-23
0.300855650000000	1.17841666999169e-22	2.74420310513693e-23
0.301355990000000	-3.05412271754288e-23	6.48756990083712e-23
0.301856560000000	4.67644451498855e-26	3.41871265617584e-23
0.302356780000000	2.12604325215296e-23	-2.55963628472281e-22
0.302857070000000	-1.21182074325759e-22	1.38791214804220e-22
0.303357530000000	3.47646104216440e-22	-9.93775408877284e-23
0.303857980000000	-3.71064023975259e-22	-1.34559716322586e-23
0.304355540000000	-6.35989324324006e-24	-5.20529788900927e-23
0.304855880000000	4.64192567846260e-23	-4.66118044453422e-24
0.305356300000000	-2.63838939278382e-22	2.91978561034970e-23
0.305856810000000	-1.08829613967866e-23	-7.17706481531144e-23
0.306356910000000	-1.46444156298582e-22	2.02865689467249e-22
0.306857090000000	-8.55315803573099e-23	-3.19360229331290e-23
0.307357180000000	1.21615849392901e-22	5.88746151257451e-23
0.307857210000000	-1.19865099401141e-22	-4.12267019638616e-23
0.308357540000000	2.15687894301620e-23	1.44568691397418e-22
0.308382530000000	3.37834648157755e-23	1.12907483307274e-22
0.308382920000000	3.39633183440141e-23	1.12397206404219e-22
0.308883080000000	2.35492685434286e-23	-6.46983862510956e-23
0.309383280000000	-1.04442182149930e-22	2.21059194304106e-23
0.309883300000000	1.48876293099112e-22	2.55804681211240e-22
0.310383460000000	-2.54954151649784e-22	-8.80057500652264e-23
0.310883640000000	1.91604162919298e-22	3.80385853376524e-23
0.311383840000000	-6.88511046289777e-23	-4.28170528254589e-23
0.311884390000000	1.41937956401239e-22	9.81677255711030e-23
0.312384740000000	-7.04394786152082e-23	-1.21490201139061e-22
0.312884750000000	-7.07720700713688e-23	2.51944238995155e-22
0.313382710000000	1.52942226648396e-22	-1.83309764257795e-22
0.313882960000000	-1.79445880334105e-22	-8.54018519623446e-23
0.314383280000000	-1.19857198381233e-22	1.07403181722740e-22
0.314883790000000	5.01754301678452e-23	-7.97766693103062e-23
0.315383880000000	-1.54610142321512e-22	9.32093073316792e-23
0.315884840000000	-4.01267717506110e-23	-6.95135004711097e-23
0.316385350000000	7.07036021273160e-23	-1.51608889029145e-22
0.316885850000000	-1.70051823684811e-22	7.50511626376514e-23
0.317386550000000	3.14158422085653e-23	3.02314313607917e-23
0.317886670000000	-2.12548402327873e-22	-1.06314811369215e-22
0.318382810000000	9.48715095109076e-23	1.48565923666541e-22
0.318882870000000	-3.06326330312159e-22	-1.68826935503709e-22
0.319382930000000	1.81919713000975e-22	8.29311920183988e-23
0.319883260000000	-8.03058982906466e-23	6.86762937533138e-23
0.320383390000000	1.98975746437290e-24	-9.47363268843978e-23
0.320877070000000	1.79425570370296e-22	1.73920951189392e-22
0.320877540000000	1.79556387667103e-22	1.74091850444453e-22
0.321377960000000	-1.41377470104649e-22	-7.22310364997837e-23
0.321878010000000	3.88183071124082e-23	2.34535197193154e-23
0.322378040000000	1.02311654955551e-22	3.13652970702961e-22
0.322878520000000	-2.30363030898755e-22	-8.09231111879221e-23
0.323378570000000	4.11245947307821e-22	1.55132312884560e-23
0.323878580000000	-6.37185933465026e-22	3.09872588698448e-23
0.324378610000000	5.03236005414363e-22	-5.56436424342093e-23
0.324878780000000	-5.06804712678792e-22	-1.88576053288958e-23
0.325378890000000	2.44403143275638e-22	1.74470934120303e-22
0.325877200000000	-1.92882206362309e-23	-1.28798051491543e-22
0.325943140000000	-1.97800192639315e-22	-1.01523947900626e-22
0.325943270000000	-1.98157170959630e-22	-1.01451727134156e-22
0.326443410000000	6.36233970752583e-23	1.23472747869515e-22
0.326943440000000	-9.71449388680636e-23	5.75388696074819e-24
0.327443650000000	-2.32585942988344e-22	-2.43460368172481e-23
0.327944130000000	6.83414337516504e-23	1.46638457220894e-24
0.328444500000000	-2.52248541688896e-22	1.52602366124289e-22
0.328944830000000	-2.19603889956289e-23	6.06986974712717e-23
0.329444940000000	-1.90586405905717e-22	-1.03911297131372e-22
0.329944980000000	-2.67020606753805e-23	-1.09277781335834e-24
0.330445040000000	-9.25943370536721e-23	1.79617272187618e-22
0.330943500000000	-2.86757276705802e-23	2.77193030532112e-22
0.331443560000000	-1.63447715036639e-22	-1.48065641326815e-22
0.331943630000000	2.88027448295918e-22	3.93087491498982e-22
0.332443740000000	-3.21541944634548e-22	-1.42989326777613e-22
0.332943840000000	-5.35280260653429e-23	8.34343165215609e-23
0.333444060000000	-1.39664718250061e-22	6.08783111818428e-23
0.333944290000000	-1.39686962959105e-22	8.24122265860688e-23
0.334020820000000	-7.08203058303162e-23	1.23382252348630e-22
0.334521090000000	-9.03214942775675e-23	1.29483489274424e-23
0.335021530000000	6.78354800481684e-23	-2.23771823792936e-23
0.335521790000000	-4.75963726382186e-23	1.02497844207301e-22
0.336021830000000	-1.45382713580176e-22	1.96577187350981e-22
0.336521980000000	1.91450365256549e-22	-1.81147419092351e-22
0.337022190000000	-3.38718029498870e-22	3.55940895012238e-22
0.337522220000000	2.61801189113509e-22	-2.45745756005216e-22
0.338022380000000	-4.83147007660331e-22	4.14741967133562e-22
0.338522400000000	1.88302158827292e-22	-1.64631989771683e-22
0.339020320000000	-2.58971570733102e-22	2.87691343835008e-22
0.339520450000000	-6.54495211117374e-23	2.54641024314037e-23
0.339528350000000	-5.48016263999474e-23	8.55802309360064e-24
0.340028410000000	1.90545993387975e-23	1.29976573843347e-23
0.340528620000000	-2.12288038119741e-22	2.31145873543967e-22
0.341028840000000	2.20867579987825e-22	5.26102892229780e-23
0.341529020000000	-2.17544002028087e-22	4.05051994927329e-22
0.342029330000000	1.70394163405075e-22	-1.55979669723091e-22
0.342529830000000	-7.07092702502937e-23	2.28213221067603e-22
0.343030360000000	2.45873251503251e-22	-7.43355369956865e-23
0.343530500000000	-2.22308971670152e-22	2.27139369405297e-22
0.344030650000000	1.18685585370874e-22	8.67840540517251e-23
0.344528580000000	-7.86390293892410e-23	9.98209281062441e-23
0.345028610000000	7.23326997461005e-23	1.45415532952042e-22
0.345528880000000	-6.15627961756133e-23	1.20294849420406e-22
0.346029040000000	2.64972411557281e-22	-2.35000378652393e-23
0.346529110000000	-4.87371366705190e-23	1.82876844756385e-22
0.347029300000000	1.15336995076579e-22	3.08441081392955e-22
0.347416580000000	7.21169610687875e-23	-1.74605031085751e-22
0.347416730000000	7.20211117805163e-23	-1.74661407682274e-22
0.347916940000000	-2.75764112609271e-22	1.44423472077448e-22
0.348416970000000	2.17584994645322e-22	-9.67183842571784e-23
0.348917040000000	-3.61672391428874e-22	3.15442742918148e-22
0.349417220000000	3.40234665594744e-22	-3.15549850673672e-23
0.349917580000000	-1.93123819421471e-22	2.05063466072667e-22
0.350418170000000	2.76933275590487e-22	2.66900730327881e-23
0.350918210000000	-1.61060174599915e-22	2.04357005354533e-22
0.351418420000000	3.30410418180202e-22	1.82435845992206e-23
0.351918500000000	-2.25387057357919e-22	3.15954591599158e-23
0.352416680000000	1.88955104557015e-22	1.95070208777390e-22
0.352465430000000	1.68636870279929e-22	1.85944015499504e-22
0.352465590000000	1.68558119343190e-22	1.85909854445012e-22
0.352965600000000	-7.12220555165183e-23	-7.48966390403408e-23
0.353465710000000	1.89594030675531e-22	2.64892555514805e-22
0.353965720000000	-7.22992030513626e-23	1.69160382525602e-23
0.354465820000000	2.64298919286861e-22	1.54911149142716e-22
0.354965860000000	-2.27641191115184e-22	-2.54109017985846e-23
0.355465860000000	9.27364063361725e-23	1.72085603895055e-22
0.355965970000000	-9.80309841297548e-23	-7.44076184086473e-23
0.356466220000000	1.46586889940837e-22	1.91451797680995e-22
0.356966430000000	-1.86320827389072e-22	7.69633974206362e-23
0.357465840000000	1.99691634582377e-22	-2.68434941169843e-22
0.357633320000000	3.18549140053789e-22	-1.95194952853807e-22
0.357634430000000	3.17464723450998e-22	-1.93311745730920e-22
0.358134630000000	6.26680639523540e-23	2.41304472157824e-23
0.358634850000000	4.74398624432035e-23	1.67279784230043e-22
0.359135000000000	-1.40110231419790e-23	1.93296245083578e-22
0.359635030000000	-4.82789099236360e-23	-5.16979547596890e-23
0.360135090000000	2.02215453029012e-22	2.01093634592439e-22
0.360635150000000	-7.40545257827003e-23	-2.21904626119739e-22
0.361135220000000	4.00401424794189e-23	3.46347488306499e-22
0.361635280000000	-1.03521045730090e-22	-1.85920519849654e-22
0.362135490000000	2.48052879744647e-22	3.07828227343824e-22
0.362329720000000	7.04892342996425e-23	9.61605489180482e-23
0.362830110000000	4.61838951887140e-23	-9.30861123477618e-23
0.363330210000000	6.06904820957724e-23	2.15225305465813e-22
0.363830400000000	2.71914572374716e-23	-1.69968723622265e-22
0.364330960000000	-2.20236392850253e-23	1.32241457265516e-22
0.364830990000000	4.36650772645238e-23	-1.10925241210073e-22
0.365331000000000	-2.05827369603710e-23	1.15388653098456e-22
0.365831160000000	1.08845957217824e-22	-6.59893150325620e-23
0.366331170000000	-1.02819536922711e-22	1.06278566493640e-22
0.366831200000000	5.40941804849097e-23	8.65597370316323e-23
0.367329600000000	1.23210863735896e-24	2.90505769442105e-22
0.367483850000000	1.83631985220229e-23	1.83347992490296e-22
0.367484010000000	1.83846006284518e-23	1.83072542454571e-22
0.367589760000000	4.09436393375850e-23	-3.09175205403105e-24
0.367589760000000	4.09436360968057e-23	-3.09174233169318e-24
0.367590200000000	4.10810192124533e-23	-3.83669702622950e-24
0.367612350000000	4.80387811413888e-23	-3.98463762856898e-23
0.368112390000000	5.23936593313603e-23	2.10490147752434e-22
0.358853780000000	-1.43002451933736e-22	1.48733504363609e-22
0.359353800000000	-8.30406785059209e-23	9.30082720700033e-23
0.359853880000000	-3.09351477870228e-22	3.13480590411765e-22
0.360351530000000	4.19315682185848e-23	-2.37873397549047e-22
0.360851800000000	-1.68223145914251e-22	2.03187994689944e-22
0.361352120000000	-1.48380495997924e-22	-1.11511478738898e-22
0.361852330000000	4.55682281431596e-23	2.66910890170954e-22
0.362352630000000	5.66790552133612e-23	-2.16521973667402e-24
0.362852870000000	-9.89548654896529e-23	3.20828075494958e-22
0.363352950000000	4.65520704014751e-23	8.44500383257488e-23
0.363853100000000	4.95672655263464e-24	2.43472407667542e-22
0.364353340000000	5.22018311236463e-23	-7.27061088174145e-23
0.364853480000000	2.66045495154896e-22	2.65541495641326e-22
0.365018550000000	2.58309975363454e-22	1.12663763741574e-22
0.365018960000000	2.57913611852432e-22	1.12331049135800e-22
0.365519480000000	1.58306429344238e-23	-2.38305130925237e-23
0.366020450000000	1.72519972024807e-22	1.31327424633879e-22
0.366520500000000	4.22346037676236e-23	-8.45477316174358e-23
0.367020940000000	1.58640274981983e-22	-1.90281717559240e-22
0.367521070000000	-1.52668759969596e-22	-2.27948345694700e-22
0.368021180000000	1.04989442826238e-22	-2.63030267622232e-23
0.368521450000000	-1.58630899407498e-22	-2.28596093214443e-22
0.369021840000000	-4.20251424797946e-23	-1.38930830816799e-22
0.369522200000000	-1.19562883769263e-22	-2.10656526120386e-22
0.370018570000000	-1.83647080770160e-22	8.75394861857050e-23
0.370518970000000	-4.87000485441723e-22	-6.86336742648754e-23
0.371019120000000	-1.60771408202088e-22	3.89203278166807e-22
0.371519240000000	-2.90151445320028e-22	1.57830867668934e-22
0.372019490000000	9.90169653024015e-23	1.22401647628825e-22
0.372519530000000	-8.16839813495500e-23	2.23073656229004e-22
0.373019630000000	1.98345547737401e-22	2.02664291238293e-22
0.373519980000000	-4.97062301422873e-23	6.15586965898118e-23
0.374020400000000	1.89989165931203e-22	6.99288030963012e-23
0.374520730000000	3.99545859061717e-23	1.69045795051478e-22
0.375018720000000	1.85750641440069e-22	-1.82141579991925e-22
0.375519160000000	-1.56763591547806e-22	-3.99986345782769e-23
0.376019740000000	-1.69631494610941e-23	-5.80126391318382e-24
0.376520280000000	-1.69774403255278e-22	1.25041764681048e-22
0.377020570000000	-9.15550158946968e-23	-1.02500106271246e-22
0.377230470000000	-3.17636173638539e-22	-4.74854537262505e-24
0.377231180000000	-3.18020931918925e-22	-3.78288064534530e-24
0.377731520000000	-5.25765818775862e-23	2.06897167051125e-22
0.378232070000000	-2.80392506089731e-22	1.33760682744043e-22
0.378732510000000	7.03172493835192e-23	2.61417471123275e-22
0.379232720000000	1.00170381337049e-23	2.65146535387736e-22
0.379732730000000	5.13610303816181e-23	1.76092522853474e-22
0.380233720000000	-2.16127311565506e-23	1.27759803030512e-22
0.380733820000000	5.88240719319434e-23	2.45134950128596e-22
0.381234470000000	-4.54534948339676e-23	1.40631945032958e-22
0.381734670000000	1.63992901614202e-22	1.35678323146883e-22
0.382230690000000	-1.34615522541954e-23	2.53316559948481e-22
0.382730920000000	1.42737628413302e-23	9.49372422372400e-23
0.383231270000000	7.49875461401952e-23	2.42634416681158e-22
0.383731350000000	5.95013235063393e-24	1.60517784814879e-22
0.384231670000000	-1.30716411347385e-23	2.14467977475949e-22
0.384732320000000	1.24947247353065e-22	1.70459798908028e-22
0.385232720000000	-9.77724574434803e-23	1.82737633841218e-22
0.385732870000000	-4.59881942497489e-23	1.38922566829610e-22
0.385816670000000	-5.64136775196683e-23	1.71242819796101e-22
0.385817170000000	-5.63593199286427e-23	1.71534814010100e-22
0.386317680000000	2.11845918045928e-22	3.30549972617974e-22
0.386818110000000	1.86603083061305e-22	3.43606404775506e-22
0.387319280000000	7.21030613664141e-23	3.08050859158686e-22
0.387820220000000	2.26048704580035e-22	2.15486700241759e-22
0.388321240000000	1.58763256074467e-22	2.41202329276172e-22
0.388822200000000	2.62069697399996e-22	1.56546206554614e-22
0.389322690000000	4.02062369551053e-22	2.31076634294443e-22
0.389823580000000	2.54037380559648e-22	1.61751844401371e-22
0.390323820000000	2.23358083223362e-22	3.56256115891406e-22
0.390816710000000	2.51389900456878e-22	-1.39235366846649e-22
0.391317510000000	4.09491305140134e-22	2.44407968796000e-22
0.391818180000000	-9.81130050127970e-24	1.90340346497369e-22
0.392318940000000	4.00471218216972e-22	2.43257450018038e-22
0.392819730000000	3.24134185654325e-22	-1.71818923408087e-23
0.393320230000000	1.97072747875281e-22	1.33249864630847e-22
0.393820490000000	3.60586441937479e-23	3.89685204732635e-23
0.394320790000000	6.38658501444120e-22	1.01037889341203e-22
0.394821150000000	8.20827948897156e-23	2.37593990521809e-22
0.395321390000000	5.07144025511199e-22	-1.13505449216348e-22
0.395797580000000	1.27062711405305e-22	2.87521089495025e-22
0.395797730000000	1.27187293442758e-22	2.87686450258281e-22
0.396298010000000	4.01674882534505e-22	-2.30950308717732e-22
0.396798450000000	3.93168572556030e-22	1.94445778664636e-22
0.397298670000000	3.97721076707864e-22	-1.88656878324442e-22
0.397799570000000	3.00751927430810e-22	1.54073722051928e-22
0.398300120000000	3.25097225350380e-22	-3.05344840859607e-22
0.398800570000000	3.91742286145972e-22	2.32690759512909e-22
0.399300820000000	1.78667710892628e-22	-2.57131281250348e-22
0.399801010000000	4.30175005338496e-22	-2.21217629522019e-22
0.400301440000000	1.53865346425161e-22	-4.75612328683808e-23
0.400798050000000	3.29188038362271e-22	-1.58399812399469e-22
0.401298120000000	1.81516709133188e-22	-3.20339819687177e-23
0.401798610000000	2.16406452848842e-22	-2.03632260159647e-22
0.402298670000000	3.33075622104907e-22	-3.34972132626778e-24
0.402798920000000	1.79342528641778e-22	-1.23520542882479e-22
0.403299380000000	1.68398851244999e-22	5.41357758870926e-23
0.403516950000000	3.80465780716145e-22	1.66286002501646e-22
0.403517490000000	3.81205971465125e-22	1.66542513423203e-22
0.404017620000000	3.32587897784929e-22	-2.02354592647034e-22
0.404518180000000	2.86463072280328e-22	-2.27446151295194e-22
0.405018200000000	3.13892062435836e-22	-1.37202818132535e-22
0.405518980000000	3.77502963066153e-22	-2.25459096640749e-22
0.406019330000000	3.32121196400204e-22	-1.78065149558521e-22
0.406519890000000	1.58656018687772e-22	-3.43318704594066e-22
0.407020100000000	-2.88296484829429e-25	-2.70531676758568e-22
0.407520190000000	1.46839476278674e-22	-3.72324136186460e-22
0.408020460000000	2.34024926771658e-22	-1.25724574191926e-23
0.408517220000000	9.20903537439982e-23	-1.75505932079706e-22
0.409017300000000	6.50393259547064e-23	-5.36270448357593e-23
0.409517580000000	2.86920132346667e-22	-2.52514198089608e-22
0.410017970000000	1.58594712865950e-22	-1.45699908093931e-22
0.410518400000000	-1.01393483848762e-23	-3.28385929284182e-22
0.410548630000000	-3.89035136814921e-24	-3.03008472327867e-22
0.410549270000000	-3.66516905998604e-24	-3.02401247512362e-22
0.411049330000000	2.20454429240082e-22	-1.86607646078545e-22
0.411549920000000	-1.35328364354509e-23	-1.36510509897559e-22
0.412050210000000	2.25325203844396e-22	-1.74421395568082e-22
0.412550390000000	1.01008618622659e-22	-1.65503869587099e-22
0.413050540000000	6.00044739357358e-23	-2.29534289096464e-22
0.413551110000000	3.13947188091553e-23	-1.02431327212381e-22
0.414051350000000	1.51455807578618e-22	-2.74444606636028e-22
0.414552000000000	1.22271718305544e-23	-4.81137824964896e-23
0.415052520000000	1.32420711249586e-22	-1.07897663067536e-22
0.415548630000000	1.70042568019160e-22	-9.18094527175078e-23
0.416049030000000	1.52976151126000e-22	2.13961660805187e-23
0.416549370000000	1.54922504833347e-22	-1.45504641419391e-22
0.417049590000000	2.28753757126885e-22	-1.57173789945616e-22
0.417550240000000	5.36693791356203e-23	-5.56943476669754e-24
0.418050800000000	4.01778571267878e-22	-4.28847847885350e-22
0.418443070000000	1.64537978005269e-22	-2.79106995891237e-23
0.418443540000000	1.64992685265843e-22	-2.78641069052762e-23
0.418943660000000	7.18602330150187e-23	-3.85512562043681e-22
0.419444030000000	2.46946176302681e-22	-2.92012190601659e-22
0.419944250000000	-4.15216971394828e-23	-2.01790761866218e-22
0.420444260000000	-1.00744906689521e-23	-1.27363270998966e-22
0.420944520000000	1.45875409255584e-22	-3.48699357485582e-22
0.421444740000000	1.42872768909681e-23	4.06644656464560e-23
0.421944810000000	1.23317323335562e-22	-1.43609035074941e-22
0.422444920000000	2.01642502695274e-22	-1.89791403856610e-22
0.422945160000000	-2.54427683813398e-23	-4.43407116900541e-23
0.423443260000000	9.86432775240687e-23	-2.22946993611247e-22
0.423943630000000	2.39588148964458e-22	-2.42074157239119e-22
0.424443630000000	-8.53874693838570e-24	-1.37360106114580e-23
0.424944140000000	-6.13855061037928e-23	-3.35616448161253e-22
0.425256970000000	6.91420261450317e-23	-2.38979559780872e-22
0.425257030000000	6.92025379759284e-23	-2.38927597125741e-22
0.425757210000000	-5.25535820669674e-23	-2.43109657519312e-22
0.426257380000000	1.75973375602889e-22	-8.44663686125895e-23
0.426757680000000	-2.81798485776760e-22	5.58449466805662e-24
0.427258000000000	-1.64584748931977e-22	-1.39881989815978e-22
0.427758240000000	1.93670010640613e-22	-3.87267453751373e-23
0.428258380000000	-1.74287820368099e-22	-5.71010273623308e-23
0.428758770000000	1.54298534911252e-22	-2.60888958355157e-22
0.429258860000000	1.43428047273951e-22	2.67770944382742e-23
0.429758970000000	-2.16088033320515e-23	-6.37935865996551e-23
0.430257030000000	3.34258966736294e-23	-1.29487893493479e-22
0.430757280000000	2.17915716171833e-22	-1.33006520995545e-22
0.431257330000000	4.30936565786112e-23	9.34555190566530e-24
0.431318810000000	6.87758569746509e-23	8.02621510110154e-23
0.431319260000000	6.88988801972659e-23	8.08465121286316e-23
0.431819720000000	7.11891583659489e-23	-2.83835069261090e-22
0.432320300000000	3.87746116852456e-23	-5.63481003507419e-23
0.432820470000000	1.15547814250930e-23	-5.50509816808322e-23
0.433320590000000	1.14988734452552e-22	-1.32728202870148e-22
0.433820670000000	4.07239339464214e-23	6.66228809021332e-23
0.434321040000000	1.99175767335048e-23	-6.29265647123942e-23
0.434821120000000	1.84049170738187e-23	-1.23761543434355e-22
0.435321480000000	-3.06511641312721e-23	-1.06638166604400e-24
0.435821930000000	1.37118311571778e-22	-1.56775929194562e-22
0.436318970000000	3.20557826909993e-22	-1.84756324983089e-22
0.436819100000000	-8.11268946304356e-23	6.85036963299047e-23
0.437319150000000	4.49034730137047e-23	-2.15221977185483e-22
0.437819550000000	2.59560245327953e-22	7.42360094229216e-23
0.438319790000000	-8.94732008538216e-23	-3.41356305788456e-22
0.438359490000000	-1.05877254312642e-22	-2.61308606865376e-22
0.438359600000000	-1.05870075986515e-22	-2.61081178697165e-22
0.438859980000000	3.38892033420491e-22	-3.91543302297586e-22
0.439359990000000	1.04818851445209e-22	1.40098908136952e-22
0.439860100000000	-1.13684832831589e-22	-2.16521043563746e-22
0.440361110000000	-1.08080656910907e-22	-2.05071937469730e-22
0.440861350000000	1.01215785438751e-22	-2.36883219567220e-22
0.441361440000000	-8.63877683194054e-23	1.21476463475653e-22
0.441861450000000	-5.37031934267286e-23	-4.79279905642806e-22
0.442361740000000	4.33034221756155e-22	5.60449189666350e-23
0.442861840000000	-1.14353765325549e-22	1.24680592792332e-22
0.443018100000000	2.62804579752500e-23	1.08513031961396e-22
0.443518190000000	1.44316341636470e-22	-2.58845601642112e-22
0.444018490000000	2.31097744730736e-22	-1.09200235968991e-22
0.444518510000000	2.55943104617039e-22	-1.35794945830401e-22
0.445018840000000	2.92719613831241e-22	-1.07330202613916e-22
0.445519020000000	1.42829290614731e-22	-4.41004072575695e-22
0.446019310000000	5.11341051823530e-22	-2.54308766658143e-22
0.446519430000000	8.59037352470387e-23	-3.86982530917784e-22
0.447019500000000	1.36719517476288e-22	-4.07070747644007e-22
0.447043230000000	9.31893214457998e-23	-4.30217388250046e-22
0.447043240000000	9.31704536287754e-23	-4.30227891615724e-22
0.447543260000000	2.64015989532536e-22	-1.72832937321589e-22
0.447736220000000	1.70789940335046e-22	-2.74115994856835e-22
0.447736330000000	1.70696427648643e-22	-2.74154586056617e-22
0.448236360000000	5.55211993110871e-23	-5.08455452221673e-22
0.448736770000000	1.74541728943886e-22	-1.24022675707178e-22
0.449237190000000	-1.25314281811516e-22	-6.03801615989683e-22
0.449737650000000	3.62159979636121e-22	-3.27738710011464e-22
0.449885970000000	1.03517526243781e-22	-4.39912231347551e-22
0.450386040000000	1.61362756439853e-22	-1.63457356355026e-23
0.450886520000000	-2.28524523844610e-23	-2.43050856819880e-22
0.451386800000000	9.26344060488095e-23	-2.69464689066797e-22
0.451596650000000	1.53631258455510e-22	-1.95811089812359e-22
0.452096780000000	-9.10138349203361e-23	-3.06078870887158e-22
0.452596790000000	3.72881145126871e-22	-1.68345313571134e-22
0.453097020000000	-9.87959506364049e-23	-8.82288712377614e-23
0.453162070000000	1.14385612463628e-22	-4.23586316318184e-23
0.453162440000000	1.15683570495374e-22	-4.22200785948473e-23
0.453662890000000	-8.13027846856030e-23	-3.84810816659413e-22
0.454162990000000	2.28658361547715e-22	-1.55381616312976e-22
0.454663270000000	-1.54364377824080e-23	-2.40482937848672e-22
0.454692410000000	-1.58650729735972e-24	-2.10275903074373e-22
0.455192680000000	7.00447160491547e-23	-3.17417946042731e-22
0.455692830000000	1.13771750532138e-22	-1.92979650113991e-22
0.456192980000000	1.38049523574429e-22	-2.50778320034008e-22
0.456692990000000	1.52028524576247e-22	-1.49833758654789e-22
0.457193360000000	-3.40812405800272e-23	-3.18639431405579e-22
0.457693470000000	2.01967206094644e-22	-2.37938657121603e-22
0.458193540000000	8.48082189751806e-23	-2.82451898178701e-22
0.458310800000000	-2.21814717179906e-23	-2.56281458178777e-22
0.458310870000000	-2.22488377970849e-23	-2.56253820812995e-22
0.458811160000000	3.94675732613261e-22	-1.31008052316441e-22
0.459311320000000	-6.73812167743566e-23	-1.96096664042585e-22
0.459811600000000	1.07887989341357e-22	-2.50486860548592e-22
0.460311760000000	2.70540520845249e-22	2.25614854974969e-23
0.460810890000000	1.54452361741015e-22	-2.46042776667893e-22
0.461311150000000	3.22511935802180e-22	-4.63706415304238e-22
